
rb1| wuxing | earth | water |  wood |  fire | metal |
num|  count |   50  |   49  |   28  |   28  |   11  |
 1 |    8   |	    | 0.233 |	    |	    |	    |  1 |
 5 |    6   | 0.214 |	    |	    |	    |	    |  2 |
 2 |    6   | 0.214 |	    |	    |	    |	    |  3 |
 3 |    5   |	    |	    | 0.138 |	    |	    |  8 |
 6 |    5   |	    |	    |	    | 0.138 |	    |  9 |
 8 |    3   | 0.183 |	    |	    |	    |	    |  4 |
12 |    3   |	    | 0.180 |	    |	    |	    |  5 |
 4 |    3   |	    |	    | 0.116 |	    |	    | 10 |
 9 |    3   |	    |	    |	    |	    | 0.065 | 12 |
10 |    2   |	    |	    |	    |	    | 0.054 | 13 |
13 |    1   |	    | 0.158 |	    |	    |	    |  7 |
11 |    1   | 0.161 |	    |	    |	    |	    |  6 |
15 |    1   |	    |	    | 0.095 |	    |	    | 11 |
rb2| wuxing | earth |  fire |  wood | water | metal |
num|  count |   34  |   27  |   19  |   12  |   11  |
 7 |    8   |	    | 0.220 |	    |	    |	    |  3 |
14 |    5   | 0.221 |	    |	    |	    |	    |  1 |
 6 |    5   |	    | 0.187 |	    |	    |	    |  5 |
 2 |    5   | 0.221 |	    |	    |	    |	    |  2 |
13 |    3   |	    |	    |	    | 0.092 |	    | 14 |
 8 |    2   | 0.187 |	    |	    |	    |	    |  4 |
15 |    2   |	    |	    | 0.114 |	    |	    | 12 |
 9 |    2   |	    |	    |	    |	    | 0.076 | 16 |
 4 |    2   |	    |	    | 0.114 |	    |	    | 10 |
 3 |    2   |	    |	    | 0.114 |	    |	    | 11 |
12 |    2   |	    |	    |	    | 0.080 |	    | 15 |
18 |    2   |	    | 0.153 |	    |	    |	    |  9 |
20 |    1   | 0.176 |	    |	    |	    |	    |  8 |
11 |    1   | 0.176 |	    |	    |	    |	    |  7 |
 5 |    1   | 0.176 |	    |	    |	    |	    |  6 |
10 |    1   |	    |	    |	    |	    | 0.065 | 17 |
16 |    1   |	    |	    | 0.103 |	    |	    | 13 |
rb3| wuxing | earth | metal | water |  wood |  fire |
num|  count |   34  |   19  |   16  |   16  |   10  |
14 |    6   | 0.265 |	    |	    |	    |	    |  1 |
 9 |    4   |	    | 0.157 |	    |	    |	    |  7 |
10 |    4   |	    | 0.157 |	    |	    |	    |  8 |
16 |    3   |	    |	    |	    | 0.127 |	    |  9 |
20 |    2   | 0.208 |	    |	    |	    |	    |  2 |
15 |    2   |	    |	    |	    | 0.113 |	    | 12 |
 8 |    2   | 0.208 |	    |	    |	    |	    |  3 |
 7 |    2   |	    |	    |	    |	    | 0.081 | 16 |
13 |    2   |	    |	    | 0.113 |	    |	    | 13 |
12 |    2   |	    |	    | 0.113 |	    |	    | 14 |
22 |    1   |	    | 0.114 |	    |	    |	    | 10 |
21 |    1   |	    | 0.114 |	    |	    |	    | 11 |
11 |    1   | 0.193 |	    |	    |	    |	    |  4 |
24 |    1   |	    |	    | 0.098 |	    |	    | 15 |
17 |    1   | 0.193 |	    |	    |	    |	    |  5 |
23 |    1   | 0.193 |	    |	    |	    |	    |  6 |
rb4| wuxing | earth | metal | water |  wood |  fire |
num|  count |   70  |   32  |   31  |   28  |   27  |
20 |    6   | 0.267 |	    |	    |	    |	    |  1 |
23 |    4   | 0.240 |	    |	    |	    |	    |  2 |
22 |    4   |	    | 0.139 |	    |	    |	    |  6 |
24 |    3   |	    |	    | 0.123 |	    |	    |  7 |
19 |    3   |	    |	    |	    |	    | 0.112 |  8 |
17 |    3   | 0.227 |	    |	    |	    |	    |  3 |
18 |    2   |	    |	    |	    |	    | 0.099 | 10 |
21 |    2   |	    | 0.112 |	    |	    |	    |  9 |
10 |    1   |	    | 0.099 |	    |	    |	    | 11 |
14 |    1   | 0.200 |	    |	    |	    |	    |  4 |
15 |    1   |	    |	    |	    | 0.088 |	    | 15 |
30 |    1   |	    |	    |	    |	    | 0.085 | 18 |
12 |    1   |	    |	    | 0.096 |	    |	    | 12 |
26 |    1   | 0.200 |	    |	    |	    |	    |  5 |
27 |    1   |	    |	    |	    | 0.088 |	    | 16 |
25 |    1   |	    |	    | 0.096 |	    |	    | 13 |
16 |    1   |	    |	    |	    | 0.088 |	    | 17 |
13 |    1   |	    |	    | 0.096 |	    |	    | 14 |
rb5| wuxing | earth |  fire |  wood | water | metal |
num|  count |   28  |   23  |   19  |   17  |   13  |
25 |    5   |	    |	    |	    | 0.149 |	    |  9 |
24 |    4   |	    |	    |	    | 0.136 |	    | 11 |
28 |    4   |	    |	    | 0.146 |	    |	    | 10 |
19 |    4   |	    | 0.166 |	    |	    |	    |  3 |
22 |    3   |	    |	    |	    |	    | 0.103 | 15 |
18 |    3   |	    | 0.153 |	    |	    |	    |  4 |
26 |    3   | 0.178 |	    |	    |	    |	    |  1 |
20 |    3   | 0.178 |	    |	    |	    |	    |  2 |
31 |    3   |	    | 0.153 |	    |	    |	    |  5 |
23 |    1   | 0.153 |	    |	    |	    |	    |  6 |
30 |    1   |	    | 0.128 |	    |	    |	    | 12 |
14 |    1   | 0.153 |	    |	    |	    |	    |  7 |
29 |    1   | 0.153 |	    |	    |	    |	    |  8 |
21 |    1   |	    |	    |	    |	    | 0.078 | 16 |
27 |    1   |	    |	    | 0.108 |	    |	    | 13 |
15 |    1   |	    |	    | 0.108 |	    |	    | 14 |
rb6| wuxing | earth |  fire |  wood | metal | water |
num|  count |   66  |   39  |   30  |   27  |   21  |
33 |   10   |	    |	    |	    | 0.154 |	    |  7 |
29 |    8   | 0.245 |	    |	    |	    |	    |  1 |
31 |    7   |	    | 0.163 |	    |	    |	    |  5 |
30 |    6   |	    | 0.155 |	    |	    |	    |  6 |
32 |    6   | 0.229 |	    |	    |	    |	    |  2 |
25 |    5   |	    |	    |	    |	    | 0.098 | 10 |
28 |    5   |	    |	    | 0.122 |	    |	    |  8 |
27 |    5   |	    |	    | 0.122 |	    |	    |  9 |
26 |    4   | 0.213 |	    |	    |	    |	    |  3 |
22 |    2   |	    |	    |	    | 0.090 |	    | 12 |
23 |    2   | 0.196 |	    |	    |	    |	    |  4 |
24 |    1   |	    |	    |	    |	    | 0.065 | 13 |
15 |    1   |	    |	    | 0.090 |	    |	    | 11 |
bb | wuxing | earth |  wood | water | metal |  fire |
num|  count |   39  |   32  |   25  |   14  |   13  |
14 |    5   |	    |	    |	    |	    |	    |  0 |
16 |    4   |	    |	    |	    |	    |	    |  0 |
 7 |    2   |	    |	    |	    |	    | 0.096 | 10 |
 3 |    2   |	    | 0.174 |	    |	    |	    |  5 |
11 |    2   | 0.202 |	    |	    |	    |	    |  3 |
 4 |    2   |	    | 0.174 |	    |	    |	    |  6 |
10 |    2   |	    |	    |	    | 0.100 |	    |  9 |
 9 |    1   |	    |	    |	    | 0.079 |	    | 11 |
 1 |    1   |	    |	    | 0.123 |	    |	    |  8 |
15 |    1   |	    |	    |	    |	    |	    |  8 |
 2 |    1   | 0.180 |	    |	    |	    |	    |  4 |

PredictResult[ 1]  1  2 14 20 26 29 + 14  probability = 1.676
PredictResult[ 2]  1  7 14 20 26 29 + 14  probability = 1.675
PredictResult[ 3]  1  2 14 20 26 32 + 14  probability = 1.660
PredictResult[ 4]  1  7 14 20 26 32 + 14  probability = 1.659
PredictResult[ 5]  5  7 14 20 26 29 + 14  probability = 1.657
