
rb1| wuxing | earth | water |  wood |  fire | metal |
num|  count |   43  |   29  |   25  |   20  |    8  |
 1 |   23   |	    | 0.224 |	    |	    |	    |  3 |
 2 |   17   | 0.252 |	    |	    |	    |	    |  1 |
 5 |   14   | 0.238 |	    |	    |	    |	    |  2 |
 4 |   12   |	    |	    | 0.157 |	    |	    |  7 |
 3 |    9   |	    |	    | 0.142 |	    |	    |  8 |
 6 |    8   |	    |	    |	    | 0.118 |	    | 11 |
 7 |    6   |	    |	    |	    | 0.108 |	    | 12 |
 9 |    5   |	    |	    |	    |	    | 0.056 | 14 |
11 |    3   | 0.186 |	    |	    |	    |	    |  4 |
 8 |    3   | 0.186 |	    |	    |	    |	    |  5 |
12 |    2   |	    | 0.125 |	    |	    |	    |  9 |
16 |    1   |	    |	    | 0.105 |	    |	    | 13 |
14 |    1   | 0.177 |	    |	    |	    |	    |  6 |
13 |    1   |	    | 0.121 |	    |	    |	    | 10 |
10 |    1   |	    |	    |	    |	    | 0.037 | 15 |
rb2| wuxing | earth |  fire |  wood | water | metal |
num|  count |   34  |   26  |   19  |   12  |   11  |
 7 |    7   |	    | 0.207 |	    |	    |	    |  3 |
14 |    5   | 0.223 |	    |	    |	    |	    |  1 |
 6 |    5   |	    | 0.184 |	    |	    |	    |  5 |
 2 |    5   | 0.223 |	    |	    |	    |	    |  2 |
13 |    3   |	    |	    |	    | 0.093 |	    | 14 |
 8 |    2   | 0.189 |	    |	    |	    |	    |  4 |
15 |    2   |	    |	    | 0.116 |	    |	    | 12 |
 9 |    2   |	    |	    |	    |	    | 0.077 | 16 |
 4 |    2   |	    |	    | 0.116 |	    |	    | 10 |
 3 |    2   |	    |	    | 0.116 |	    |	    | 11 |
12 |    2   |	    |	    |	    | 0.082 |	    | 15 |
18 |    2   |	    | 0.150 |	    |	    |	    |  9 |
20 |    1   | 0.178 |	    |	    |	    |	    |  8 |
11 |    1   | 0.178 |	    |	    |	    |	    |  7 |
 5 |    1   | 0.178 |	    |	    |	    |	    |  6 |
10 |    1   |	    |	    |	    |	    | 0.065 | 17 |
16 |    1   |	    |	    | 0.105 |	    |	    | 13 |
rb3| wuxing | earth | metal | water |  wood |  fire |
num|  count |   34  |   18  |   16  |   16  |   10  |
14 |    6   | 0.269 |	    |	    |	    |	    |  1 |
 9 |    4   |	    | 0.155 |	    |	    |	    |  7 |
10 |    3   |	    | 0.140 |	    |	    |	    |  8 |
16 |    3   |	    |	    |	    | 0.129 |	    |  9 |
20 |    2   | 0.210 |	    |	    |	    |	    |  2 |
15 |    2   |	    |	    |	    | 0.115 |	    | 10 |
 8 |    2   | 0.210 |	    |	    |	    |	    |  3 |
 7 |    2   |	    |	    |	    |	    | 0.083 | 16 |
13 |    2   |	    |	    | 0.115 |	    |	    | 11 |
12 |    2   |	    |	    | 0.115 |	    |	    | 12 |
22 |    1   |	    | 0.110 |	    |	    |	    | 13 |
21 |    1   |	    | 0.110 |	    |	    |	    | 14 |
11 |    1   | 0.196 |	    |	    |	    |	    |  4 |
24 |    1   |	    |	    | 0.100 |	    |	    | 15 |
17 |    1   | 0.196 |	    |	    |	    |	    |  5 |
23 |    1   | 0.196 |	    |	    |	    |	    |  6 |
rb4| wuxing | earth | water | metal |  fire |  wood |
num|  count |   30  |   16  |   13  |    9  |    8  |
17 |    5   | 0.284 |	    |	    |	    |	    |  1 |
22 |    4   |	    |	    | 0.154 |	    |	    |  6 |
25 |    2   |	    | 0.140 |	    |	    |	    |  7 |
13 |    2   |	    | 0.140 |	    |	    |	    |  8 |
26 |    2   | 0.232 |	    |	    |	    |	    |  2 |
19 |    2   |	    |	    |	    | 0.094 |	    | 11 |
16 |    2   |	    |	    |	    |	    | 0.087 | 12 |
11 |    2   | 0.232 |	    |	    |	    |	    |  3 |
 8 |    1   | 0.215 |	    |	    |	    |	    |  4 |
23 |    1   | 0.215 |	    |	    |	    |	    |  5 |
27 |    1   |	    |	    |	    |	    | 0.070 | 15 |
12 |    1   |	    | 0.123 |	    |	    |	    |  9 |
18 |    1   |	    |	    |	    | 0.076 |	    | 13 |
31 |    1   |	    |	    |	    | 0.076 |	    | 14 |
28 |    1   |	    |	    |	    |	    | 0.070 | 16 |
24 |    1   |	    | 0.123 |	    |	    |	    | 10 |
rb5| wuxing | earth |  wood | water |  fire | metal |
num|  count |   24  |   14  |   11  |    9  |    8  |
27 |    5   |	    | 0.177 |	    |	    |	    |  5 |
26 |    4   | 0.239 |	    |	    |	    |	    |  1 |
25 |    4   |	    |	    | 0.140 |	    |	    |  6 |
29 |    3   | 0.225 |	    |	    |	    |	    |  2 |
20 |    3   | 0.225 |	    |	    |	    |	    |  3 |
19 |    2   |	    |	    |	    | 0.097 |	    | 10 |
22 |    2   |	    |	    |	    |	    | 0.089 | 12 |
24 |    2   |	    |	    | 0.112 |	    |	    |  9 |
23 |    2   | 0.210 |	    |	    |	    |	    |  4 |
18 |    2   |	    |	    |	    | 0.097 |	    | 11 |
21 |    2   |	    |	    |	    |	    | 0.089 | 13 |
30 |    1   |	    |	    |	    | 0.082 |	    | 14 |
16 |    1   |	    | 0.120 |	    |	    |	    |  7 |
28 |    1   |	    | 0.120 |	    |	    |	    |  8 |
10 |    1   |	    |	    |	    |	    | 0.075 | 15 |
rb6| wuxing | earth | metal |  fire |  wood | water |
num|  count |   31  |   22  |   19  |    8  |    5  |
31 |   12   |	    |	    | 0.203 |	    |	    |  4 |
33 |   12   |	    | 0.220 |	    |	    |	    |  3 |
32 |   11   | 0.266 |	    |	    |	    |	    |  1 |
29 |    9   | 0.251 |	    |	    |	    |	    |  2 |
22 |    4   |	    | 0.160 |	    |	    |	    |  8 |
28 |    4   |	    |	    |	    | 0.077 |	    | 12 |
30 |    3   |	    |	    | 0.134 |	    |	    | 10 |
24 |    2   |	    |	    |	    |	    | 0.045 | 14 |
26 |    2   | 0.198 |	    |	    |	    |	    |  5 |
27 |    2   |	    |	    |	    | 0.062 |	    | 13 |
25 |    1   |	    |	    |	    |	    | 0.037 | 15 |
23 |    1   | 0.190 |	    |	    |	    |	    |  6 |
20 |    1   | 0.190 |	    |	    |	    |	    |  7 |
21 |    1   |	    | 0.137 |	    |	    |	    |  9 |
19 |    1   |	    |	    | 0.119 |	    |	    | 11 |
bb | wuxing |  wood | water | earth | metal |  fire |
num|  count |   17  |   15  |   14  |    8  |    5  |
13 |    4   |	    |	    |	    |	    |	    |  0 |
 4 |    4   | 0.215 |	    |	    |	    |	    |  1 |
 8 |    4   |	    |	    | 0.190 |	    |	    |  3 |
10 |    3   |	    |	    |	    | 0.121 |	    |  9 |
12 |    3   |	    | 0.181 |	    |	    |	    |  4 |
16 |    2   |	    |	    |	    |	    |	    |  4 |
15 |    2   |	    |	    |	    |	    |	    |  4 |
 7 |    2   |	    |	    |	    |	    | 0.078 | 11 |
 9 |    2   |	    |	    |	    | 0.104 |	    | 10 |
11 |    1   |	    |	    | 0.137 |	    |	    |  8 |
 1 |    1   |	    | 0.145 |	    |	    |	    |  7 |

PredictResult[ 1]  2  7 14 17 26 32 +  4  probability = 1.732
PredictResult[ 2]  1  2 14 17 26 32 +  4  probability = 1.721
PredictResult[ 3]  5  7 14 17 26 32 +  4  probability = 1.718
PredictResult[ 4]  2  7 14 17 29 32 +  4  probability = 1.718
PredictResult[ 5]  2  7 14 17 20 32 +  4  probability = 1.718
