01,05,08,10,13,22+04
01,05,08,10,13,27+06
01,05,08,10,13,28+08
01,05,08,10,13,30+10
01,05,08,10,13,31+14
01,05,08,10,13,33+16
01,05,08,10,17,22+04
01,05,08,10,17,27+06
01,05,08,10,17,28+08
01,05,08,10,17,30+10
01,05,08,10,17,31+14
01,05,08,10,17,33+16
01,05,08,10,19,22+04
01,05,08,10,19,27+06
01,05,08,10,19,28+08
01,05,08,10,19,30+10
01,05,08,10,19,31+14
01,05,08,10,19,33+16
01,05,08,10,23,27+04
01,05,08,10,23,28+06
01,05,08,10,23,30+08
01,05,08,10,23,31+10
01,05,08,10,23,33+14
01,05,08,10,25,27+16
01,05,08,10,25,28+04
01,05,08,10,25,30+06
01,05,08,10,25,31+08
01,05,08,10,25,33+10
01,05,08,10,29,30+14
01,05,08,10,29,31+16
01,05,08,10,29,33+04
01,05,08,10,31,33+06
01,05,08,14,17,22+08
01,05,08,14,17,27+10
01,05,08,14,17,28+14
01,05,08,14,17,30+16
01,05,08,14,17,31+04
01,05,08,14,17,33+06
01,05,08,14,19,22+08
01,05,08,14,19,27+10
01,05,08,14,19,28+14
01,05,08,14,19,30+16
01,05,08,14,19,31+04
01,05,08,14,19,33+06
01,05,08,14,23,27+08
01,05,08,14,23,28+10
01,05,08,14,23,30+14
01,05,08,14,23,31+16
01,05,08,14,23,33+04
01,05,08,14,25,27+06
01,05,08,14,25,28+08
01,05,08,14,25,30+10
01,05,08,14,25,31+14
01,05,08,14,25,33+16
01,05,08,14,29,30+04
01,05,08,14,29,31+06
01,05,08,14,29,33+08
01,05,08,14,31,33+10
01,05,08,18,19,22+14
01,05,08,18,19,27+16
01,05,08,18,19,28+04
01,05,08,18,19,30+06
01,05,08,18,19,31+08
01,05,08,18,19,33+10
01,05,08,18,23,27+14
01,05,08,18,23,28+16
01,05,08,18,23,30+04
01,05,08,18,23,31+06
01,05,08,18,23,33+08
01,05,08,18,25,27+10
01,05,08,18,25,28+14
01,05,08,18,25,30+16
01,05,08,18,25,31+04
01,05,08,18,25,33+06
01,05,08,18,29,30+08
01,05,08,18,29,31+10
01,05,08,18,29,33+14
01,05,08,18,31,33+16
01,05,08,20,23,27+04
01,05,08,20,23,28+06
01,05,08,20,23,30+08
01,05,08,20,23,31+10
01,05,08,20,23,33+14
01,05,08,20,25,27+16
01,05,08,20,25,28+04
01,05,08,20,25,30+06
01,05,08,20,25,31+08
01,05,08,20,25,33+10
01,05,08,20,29,30+14
01,05,08,20,29,31+16
01,05,08,20,29,33+04
01,05,08,20,31,33+06
01,05,08,22,23,27+08
01,05,08,22,23,28+10
01,05,08,22,23,30+14
01,05,08,22,23,31+16
01,05,08,22,23,33+04
01,05,08,22,25,27+06
01,05,08,22,25,28+08
01,05,08,22,25,30+10
01,05,08,22,25,31+14
01,05,08,22,25,33+16
01,05,08,22,29,30+04
01,05,08,22,29,31+06
01,05,08,22,29,33+08
01,05,08,22,31,33+10
01,05,14,18,19,22+14
01,05,14,18,19,27+16
01,05,14,18,19,28+04
01,05,14,18,19,30+06
01,05,14,18,19,31+08
01,05,14,18,19,33+10
01,05,14,18,23,27+14
01,05,14,18,23,28+16
01,05,14,18,23,30+04
01,05,14,18,23,31+06
01,05,14,18,23,33+08
01,05,14,18,25,27+10
01,05,14,18,25,28+14
01,05,14,18,25,30+16
01,05,14,18,25,31+04
01,05,14,18,25,33+06
01,05,14,18,29,30+08
01,05,14,18,29,31+10
01,05,14,18,29,33+14
01,05,14,18,31,33+16
01,05,14,20,23,27+04
01,05,14,20,23,28+06
01,05,14,20,23,30+08
01,05,14,20,23,31+10
01,05,14,20,23,33+14
01,05,14,20,25,27+16
01,05,14,20,25,28+04
01,05,14,20,25,30+06
01,05,14,20,25,31+08
01,05,14,20,25,33+10
01,05,14,20,29,30+14
01,05,14,20,29,31+16
01,05,14,20,29,33+04
01,05,14,20,31,33+06
01,05,14,22,23,27+08
01,05,14,22,23,28+10
01,05,14,22,23,30+14
01,05,14,22,23,31+16
01,05,14,22,23,33+04
01,05,14,22,25,27+06
01,05,14,22,25,28+08
01,05,14,22,25,30+10
01,05,14,22,25,31+14
01,05,14,22,25,33+16
01,05,14,22,29,30+04
01,05,14,22,29,31+06
01,05,14,22,29,33+08
01,05,14,22,31,33+10
01,05,16,18,19,22+14
01,05,16,18,19,27+16
01,05,16,18,19,28+04
01,05,16,18,19,30+06
01,05,16,18,19,31+08
01,05,16,18,19,33+10
01,05,16,18,23,27+14
01,05,16,18,23,28+16
01,05,16,18,23,30+04
01,05,16,18,23,31+06
01,05,16,18,23,33+08
01,05,16,18,25,27+10
01,05,16,18,25,28+14
01,05,16,18,25,30+16
01,05,16,18,25,31+04
01,05,16,18,25,33+06
01,05,16,18,29,30+08
01,05,16,18,29,31+10
01,05,16,18,29,33+14
01,05,16,18,31,33+16
01,05,16,20,23,27+04
01,05,16,20,23,28+06
01,05,16,20,23,30+08
01,05,16,20,23,31+10
01,05,16,20,23,33+14
01,05,16,20,25,27+16
01,05,16,20,25,28+04
01,05,16,20,25,30+06
01,05,16,20,25,31+08
01,05,16,20,25,33+10
01,05,16,20,29,30+14
01,05,16,20,29,31+16
01,05,16,20,29,33+04
01,05,16,20,31,33+06
01,05,16,22,23,27+08
01,05,16,22,23,28+10
01,05,16,22,23,30+14
01,05,16,22,23,31+16
01,05,16,22,23,33+04
01,05,16,22,25,27+06
01,05,16,22,25,28+08
01,05,16,22,25,30+10
01,05,16,22,25,31+14
01,05,16,22,25,33+16
01,05,16,22,29,30+04
01,05,16,22,29,31+06
01,05,16,22,29,33+08
01,05,16,22,31,33+10
01,05,18,20,23,27+14
01,05,18,20,23,28+16
01,05,18,20,23,30+04
01,05,18,20,23,31+06
01,05,18,20,23,33+08
01,05,18,20,25,27+10
01,05,18,20,25,28+14
01,05,18,20,25,30+16
01,05,18,20,25,31+04
01,05,18,20,25,33+06
01,05,18,20,29,30+08
01,05,18,20,29,31+10
01,05,18,20,29,33+14
01,05,18,20,31,33+16
01,05,18,22,23,27+04
01,05,18,22,23,28+06
01,05,18,22,23,30+08
01,05,18,22,23,31+10
01,05,18,22,23,33+14
01,05,18,22,25,27+16
01,05,18,22,25,28+04
01,05,18,22,25,30+06
01,05,18,22,25,31+08
01,05,18,22,25,33+10
01,05,18,22,29,30+14
01,05,18,22,29,31+16
01,05,18,22,29,33+04
01,05,18,22,31,33+06
01,05,20,22,23,27+08
01,05,20,22,23,28+10
01,05,20,22,23,30+14
01,05,20,22,23,31+16
01,05,20,22,23,33+04
01,05,20,22,25,27+06
01,05,20,22,25,28+08
01,05,20,22,25,30+10
01,05,20,22,25,31+14
01,05,20,22,25,33+16
01,05,20,22,29,30+04
01,05,20,22,29,31+06
01,05,20,22,29,33+08
01,05,20,22,31,33+10
01,07,08,10,13,22+14
01,07,08,10,13,27+16
01,07,08,10,13,28+04
01,07,08,10,13,30+06
01,07,08,10,13,31+08
01,07,08,10,13,33+10
01,07,08,10,17,22+14
01,07,08,10,17,27+16
01,07,08,10,17,28+04
01,07,08,10,17,30+06
01,07,08,10,17,31+08
01,07,08,10,17,33+10
01,07,08,10,19,22+14
01,07,08,10,19,27+16
01,07,08,10,19,28+04
01,07,08,10,19,30+06
01,07,08,10,19,31+08
01,07,08,10,19,33+10
01,07,08,10,23,27+14
01,07,08,10,23,28+16
01,07,08,10,23,30+04
01,07,08,10,23,31+06
01,07,08,10,23,33+08
01,07,08,10,25,27+10
01,07,08,10,25,28+14
01,07,08,10,25,30+16
01,07,08,10,25,31+04
01,07,08,10,25,33+06
01,07,08,10,29,30+08
01,07,08,10,29,31+10
01,07,08,10,29,33+14
01,07,08,10,31,33+16
01,07,08,14,17,22+04
01,07,08,14,17,27+06
01,07,08,14,17,28+08
01,07,08,14,17,30+10
01,07,08,14,17,31+14
01,07,08,14,17,33+16
01,07,08,14,19,22+04
01,07,08,14,19,27+06
01,07,08,14,19,28+08
01,07,08,14,19,30+10
01,07,08,14,19,31+14
01,07,08,14,19,33+16
01,07,08,14,23,27+04
01,07,08,14,23,28+06
01,07,08,14,23,30+08
01,07,08,14,23,31+10
01,07,08,14,23,33+14
01,07,08,14,25,27+16
01,07,08,14,25,28+04
01,07,08,14,25,30+06
01,07,08,14,25,31+08
01,07,08,14,25,33+10
01,07,08,14,29,30+14
01,07,08,14,29,31+16
01,07,08,14,29,33+04
01,07,08,14,31,33+06
01,07,08,18,19,22+08
01,07,08,18,19,27+10
01,07,08,18,19,28+14
01,07,08,18,19,30+16
01,07,08,18,19,31+04
01,07,08,18,19,33+06
01,07,08,18,23,27+08
01,07,08,18,23,28+10
01,07,08,18,23,30+14
01,07,08,18,23,31+16
01,07,08,18,23,33+04
01,07,08,18,25,27+06
01,07,08,18,25,28+08
01,07,08,18,25,30+10
01,07,08,18,25,31+14
01,07,08,18,25,33+16
01,07,08,18,29,30+04
01,07,08,18,29,31+06
01,07,08,18,29,33+08
01,07,08,18,31,33+10
01,07,08,20,23,27+14
01,07,08,20,23,28+16
01,07,08,20,23,30+04
01,07,08,20,23,31+06
01,07,08,20,23,33+08
01,07,08,20,25,27+10
01,07,08,20,25,28+14
01,07,08,20,25,30+16
01,07,08,20,25,31+04
01,07,08,20,25,33+06
01,07,08,20,29,30+08
01,07,08,20,29,31+10
01,07,08,20,29,33+14
01,07,08,20,31,33+16
01,07,08,22,23,27+04
01,07,08,22,23,28+06
01,07,08,22,23,30+08
01,07,08,22,23,31+10
01,07,08,22,23,33+14
01,07,08,22,25,27+16
01,07,08,22,25,28+04
01,07,08,22,25,30+06
01,07,08,22,25,31+08
01,07,08,22,25,33+10
01,07,08,22,29,30+14
01,07,08,22,29,31+16
01,07,08,22,29,33+04
01,07,08,22,31,33+06
01,07,14,18,19,22+08
01,07,14,18,19,27+10
01,07,14,18,19,28+14
01,07,14,18,19,30+16
01,07,14,18,19,31+04
01,07,14,18,19,33+06
01,07,14,18,23,27+08
01,07,14,18,23,28+10
01,07,14,18,23,30+14
01,07,14,18,23,31+16
01,07,14,18,23,33+04
01,07,14,18,25,27+06
01,07,14,18,25,28+08
01,07,14,18,25,30+10
01,07,14,18,25,31+14
01,07,14,18,25,33+16
01,07,14,18,29,30+04
01,07,14,18,29,31+06
01,07,14,18,29,33+08
01,07,14,18,31,33+10
01,07,14,20,23,27+14
01,07,14,20,23,28+16
01,07,14,20,23,30+04
01,07,14,20,23,31+06
01,07,14,20,23,33+08
01,07,14,20,25,27+10
01,07,14,20,25,28+14
01,07,14,20,25,30+16
01,07,14,20,25,31+04
01,07,14,20,25,33+06
01,07,14,20,29,30+08
01,07,14,20,29,31+10
01,07,14,20,29,33+14
01,07,14,20,31,33+16
01,07,14,22,23,27+04
01,07,14,22,23,28+06
01,07,14,22,23,30+08
01,07,14,22,23,31+10
01,07,14,22,23,33+14
01,07,14,22,25,27+16
01,07,14,22,25,28+04
01,07,14,22,25,30+06
01,07,14,22,25,31+08
01,07,14,22,25,33+10
01,07,14,22,29,30+14
01,07,14,22,29,31+16
01,07,14,22,29,33+04
01,07,14,22,31,33+06
01,07,16,18,19,22+08
01,07,16,18,19,27+10
01,07,16,18,19,28+14
01,07,16,18,19,30+16
01,07,16,18,19,31+04
01,07,16,18,19,33+06
01,07,16,18,23,27+08
01,07,16,18,23,28+10
01,07,16,18,23,30+14
01,07,16,18,23,31+16
01,07,16,18,23,33+04
01,07,16,18,25,27+06
01,07,16,18,25,28+08
01,07,16,18,25,30+10
01,07,16,18,25,31+14
01,07,16,18,25,33+16
01,07,16,18,29,30+04
01,07,16,18,29,31+06
01,07,16,18,29,33+08
01,07,16,18,31,33+10
01,07,16,20,23,27+14
01,07,16,20,23,28+16
01,07,16,20,23,30+04
01,07,16,20,23,31+06
01,07,16,20,23,33+08
01,07,16,20,25,27+10
01,07,16,20,25,28+14
01,07,16,20,25,30+16
01,07,16,20,25,31+04
01,07,16,20,25,33+06
01,07,16,20,29,30+08
01,07,16,20,29,31+10
01,07,16,20,29,33+14
01,07,16,20,31,33+16
01,07,16,22,23,27+04
01,07,16,22,23,28+06
01,07,16,22,23,30+08
01,07,16,22,23,31+10
01,07,16,22,23,33+14
01,07,16,22,25,27+16
01,07,16,22,25,28+04
01,07,16,22,25,30+06
01,07,16,22,25,31+08
01,07,16,22,25,33+10
01,07,16,22,29,30+14
01,07,16,22,29,31+16
01,07,16,22,29,33+04
01,07,16,22,31,33+06
01,07,18,20,23,27+08
01,07,18,20,23,28+10
01,07,18,20,23,30+14
01,07,18,20,23,31+16
01,07,18,20,23,33+04
01,07,18,20,25,27+06
01,07,18,20,25,28+08
01,07,18,20,25,30+10
01,07,18,20,25,31+14
01,07,18,20,25,33+16
01,07,18,20,29,30+04
01,07,18,20,29,31+06
01,07,18,20,29,33+08
01,07,18,20,31,33+10
01,07,18,22,23,27+14
01,07,18,22,23,28+16
01,07,18,22,23,30+04
01,07,18,22,23,31+06
01,07,18,22,23,33+08
01,07,18,22,25,27+10
01,07,18,22,25,28+14
01,07,18,22,25,30+16
01,07,18,22,25,31+04
01,07,18,22,25,33+06
01,07,18,22,29,30+08
01,07,18,22,29,31+10
01,07,18,22,29,33+14
01,07,18,22,31,33+16
01,07,20,22,23,27+04
01,07,20,22,23,28+06
01,07,20,22,23,30+08
01,07,20,22,23,31+10
01,07,20,22,23,33+14
01,07,20,22,25,27+16
01,07,20,22,25,28+04
01,07,20,22,25,30+06
01,07,20,22,25,31+08
01,07,20,22,25,33+10
01,07,20,22,29,30+14
01,07,20,22,29,31+16
01,07,20,22,29,33+04
01,07,20,22,31,33+06
01,09,14,18,19,22+08
01,09,14,18,19,27+10
01,09,14,18,19,28+14
01,09,14,18,19,30+16
01,09,14,18,19,31+04
01,09,14,18,19,33+06
01,09,14,18,23,27+08
01,09,14,18,23,28+10
01,09,14,18,23,30+14
01,09,14,18,23,31+16
01,09,14,18,23,33+04
01,09,14,18,25,27+06
01,09,14,18,25,28+08
01,09,14,18,25,30+10
01,09,14,18,25,31+14
01,09,14,18,25,33+16
01,09,14,18,29,30+04
01,09,14,18,29,31+06
01,09,14,18,29,33+08
01,09,14,18,31,33+10
01,09,14,20,23,27+14
01,09,14,20,23,28+16
01,09,14,20,23,30+04
01,09,14,20,23,31+06
01,09,14,20,23,33+08
01,09,14,20,25,27+10
01,09,14,20,25,28+14
01,09,14,20,25,30+16
01,09,14,20,25,31+04
01,09,14,20,25,33+06
01,09,14,20,29,30+08
01,09,14,20,29,31+10
01,09,14,20,29,33+14
01,09,14,20,31,33+16
01,09,14,22,23,27+04
01,09,14,22,23,28+06
01,09,14,22,23,30+08
01,09,14,22,23,31+10
01,09,14,22,23,33+14
01,09,14,22,25,27+16
01,09,14,22,25,28+04
01,09,14,22,25,30+06
01,09,14,22,25,31+08
01,09,14,22,25,33+10
01,09,14,22,29,30+14
01,09,14,22,29,31+16
01,09,14,22,29,33+04
01,09,14,22,31,33+06
01,09,16,18,19,22+08
01,09,16,18,19,27+10
01,09,16,18,19,28+14
01,09,16,18,19,30+16
01,09,16,18,19,31+04
01,09,16,18,19,33+06
01,09,16,18,23,27+08
01,09,16,18,23,28+10
01,09,16,18,23,30+14
01,09,16,18,23,31+16
01,09,16,18,23,33+04
01,09,16,18,25,27+06
01,09,16,18,25,28+08
01,09,16,18,25,30+10
01,09,16,18,25,31+14
01,09,16,18,25,33+16
01,09,16,18,29,30+04
01,09,16,18,29,31+06
01,09,16,18,29,33+08
01,09,16,18,31,33+10
01,09,16,20,23,27+14
01,09,16,20,23,28+16
01,09,16,20,23,30+04
01,09,16,20,23,31+06
01,09,16,20,23,33+08
01,09,16,20,25,27+10
01,09,16,20,25,28+14
01,09,16,20,25,30+16
01,09,16,20,25,31+04
01,09,16,20,25,33+06
01,09,16,20,29,30+08
01,09,16,20,29,31+10
01,09,16,20,29,33+14
01,09,16,20,31,33+16
01,09,16,22,23,27+04
01,09,16,22,23,28+06
01,09,16,22,23,30+08
01,09,16,22,23,31+10
01,09,16,22,23,33+14
01,09,16,22,25,27+16
01,09,16,22,25,28+04
01,09,16,22,25,30+06
01,09,16,22,25,31+08
01,09,16,22,25,33+10
01,09,16,22,29,30+14
01,09,16,22,29,31+16
01,09,16,22,29,33+04
01,09,16,22,31,33+06
01,09,18,20,23,27+08
01,09,18,20,23,28+10
01,09,18,20,23,30+14
01,09,18,20,23,31+16
01,09,18,20,23,33+04
01,09,18,20,25,27+06
01,09,18,20,25,28+08
01,09,18,20,25,30+10
01,09,18,20,25,31+14
01,09,18,20,25,33+16
01,09,18,20,29,30+04
01,09,18,20,29,31+06
01,09,18,20,29,33+08
01,09,18,20,31,33+10
01,09,18,22,23,27+14
01,09,18,22,23,28+16
01,09,18,22,23,30+04
01,09,18,22,23,31+06
01,09,18,22,23,33+08
01,09,18,22,25,27+10
01,09,18,22,25,28+14
01,09,18,22,25,30+16
01,09,18,22,25,31+04
01,09,18,22,25,33+06
01,09,18,22,29,30+08
01,09,18,22,29,31+10
01,09,18,22,29,33+14
01,09,18,22,31,33+16
01,09,20,22,23,27+04
01,09,20,22,23,28+06
01,09,20,22,23,30+08
01,09,20,22,23,31+10
01,09,20,22,23,33+14
01,09,20,22,25,27+16
01,09,20,22,25,28+04
01,09,20,22,25,30+06
01,09,20,22,25,31+08
01,09,20,22,25,33+10
01,09,20,22,29,30+14
01,09,20,22,29,31+16
01,09,20,22,29,33+04
01,09,20,22,31,33+06
01,11,14,18,19,22+08
01,11,14,18,19,27+10
01,11,14,18,19,28+14
01,11,14,18,19,30+16
01,11,14,18,19,31+04
01,11,14,18,19,33+06
01,11,14,18,23,27+08
01,11,14,18,23,28+10
01,11,14,18,23,30+14
01,11,14,18,23,31+16
01,11,14,18,23,33+04
01,11,14,18,25,27+06
01,11,14,18,25,28+08
01,11,14,18,25,30+10
01,11,14,18,25,31+14
01,11,14,18,25,33+16
01,11,14,18,29,30+04
01,11,14,18,29,31+06
01,11,14,18,29,33+08
01,11,14,18,31,33+10
01,11,14,20,23,27+14
01,11,14,20,23,28+16
01,11,14,20,23,30+04
01,11,14,20,23,31+06
01,11,14,20,23,33+08
01,11,14,20,25,27+10
01,11,14,20,25,28+14
01,11,14,20,25,30+16
01,11,14,20,25,31+04
01,11,14,20,25,33+06
01,11,14,20,29,30+08
01,11,14,20,29,31+10
01,11,14,20,29,33+14
01,11,14,20,31,33+16
01,11,14,22,23,27+04
01,11,14,22,23,28+06
01,11,14,22,23,30+08
01,11,14,22,23,31+10
01,11,14,22,23,33+14
01,11,14,22,25,27+16
01,11,14,22,25,28+04
01,11,14,22,25,30+06
01,11,14,22,25,31+08
01,11,14,22,25,33+10
01,11,14,22,29,30+14
01,11,14,22,29,31+16
01,11,14,22,29,33+04
01,11,14,22,31,33+06
01,11,16,18,19,22+08
01,11,16,18,19,27+10
01,11,16,18,19,28+14
01,11,16,18,19,30+16
01,11,16,18,19,31+04
01,11,16,18,19,33+06
01,11,16,18,23,27+08
01,11,16,18,23,28+10
01,11,16,18,23,30+14
01,11,16,18,23,31+16
01,11,16,18,23,33+04
01,11,16,18,25,27+06
01,11,16,18,25,28+08
01,11,16,18,25,30+10
01,11,16,18,25,31+14
01,11,16,18,25,33+16
01,11,16,18,29,30+04
01,11,16,18,29,31+06
01,11,16,18,29,33+08
01,11,16,18,31,33+10
01,11,16,20,23,27+14
01,11,16,20,23,28+16
01,11,16,20,23,30+04
01,11,16,20,23,31+06
01,11,16,20,23,33+08
01,11,16,20,25,27+10
01,11,16,20,25,28+14
01,11,16,20,25,30+16
01,11,16,20,25,31+04
01,11,16,20,25,33+06
01,11,16,20,29,30+08
01,11,16,20,29,31+10
01,11,16,20,29,33+14
01,11,16,20,31,33+16
01,11,16,22,23,27+04
01,11,16,22,23,28+06
01,11,16,22,23,30+08
01,11,16,22,23,31+10
01,11,16,22,23,33+14
01,11,16,22,25,27+16
01,11,16,22,25,28+04
01,11,16,22,25,30+06
01,11,16,22,25,31+08
01,11,16,22,25,33+10
01,11,16,22,29,30+14
01,11,16,22,29,31+16
01,11,16,22,29,33+04
01,11,16,22,31,33+06
01,11,18,20,23,27+08
01,11,18,20,23,28+10
01,11,18,20,23,30+14
01,11,18,20,23,31+16
01,11,18,20,23,33+04
01,11,18,20,25,27+06
01,11,18,20,25,28+08
01,11,18,20,25,30+10
01,11,18,20,25,31+14
01,11,18,20,25,33+16
01,11,18,20,29,30+04
01,11,18,20,29,31+06
01,11,18,20,29,33+08
01,11,18,20,31,33+10
01,11,18,22,23,27+14
01,11,18,22,23,28+16
01,11,18,22,23,30+04
01,11,18,22,23,31+06
01,11,18,22,23,33+08
01,11,18,22,25,27+10
01,11,18,22,25,28+14
01,11,18,22,25,30+16
01,11,18,22,25,31+04
01,11,18,22,25,33+06
01,11,18,22,29,30+08
01,11,18,22,29,31+10
01,11,18,22,29,33+14
01,11,18,22,31,33+16
01,11,20,22,23,27+04
01,11,20,22,23,28+06
01,11,20,22,23,30+08
01,11,20,22,23,31+10
01,11,20,22,23,33+14
01,11,20,22,25,27+16
01,11,20,22,25,28+04
01,11,20,22,25,30+06
01,11,20,22,25,31+08
01,11,20,22,25,33+10
01,11,20,22,29,30+14
01,11,20,22,29,31+16
01,11,20,22,29,33+04
01,11,20,22,31,33+06
01,19,20,22,23,27+08
01,19,20,22,23,28+10
01,19,20,22,23,30+14
01,19,20,22,23,31+16
01,19,20,22,23,33+04
01,19,20,22,25,27+06
01,19,20,22,25,28+08
01,19,20,22,25,30+10
01,19,20,22,25,31+14
01,19,20,22,25,33+16
01,19,20,22,29,30+04
01,19,20,22,29,31+06
01,19,20,22,29,33+08
01,19,20,22,31,33+10
02,05,08,10,13,22+14
02,05,08,10,13,27+16
02,05,08,10,13,28+04
02,05,08,10,13,30+06
02,05,08,10,13,31+08
02,05,08,10,13,33+10
02,05,08,10,17,22+14
02,05,08,10,17,27+16
02,05,08,10,17,28+04
02,05,08,10,17,30+06
02,05,08,10,17,31+08
02,05,08,10,17,33+10
02,05,08,10,19,22+14
02,05,08,10,19,27+16
02,05,08,10,19,28+04
02,05,08,10,19,30+06
02,05,08,10,19,31+08
02,05,08,10,19,33+10
02,05,08,10,23,27+14
02,05,08,10,23,28+16
02,05,08,10,23,30+04
02,05,08,10,23,31+06
02,05,08,10,23,33+08
02,05,08,10,25,27+10
02,05,08,10,25,28+14
02,05,08,10,25,30+16
02,05,08,10,25,31+04
02,05,08,10,25,33+06
02,05,08,10,29,30+08
02,05,08,10,29,31+10
02,05,08,10,29,33+14
02,05,08,10,31,33+16
02,05,08,14,17,22+04
02,05,08,14,17,27+06
02,05,08,14,17,28+08
02,05,08,14,17,30+10
02,05,08,14,17,31+14
02,05,08,14,17,33+16
02,05,08,14,19,22+04
02,05,08,14,19,27+06
02,05,08,14,19,28+08
02,05,08,14,19,30+10
02,05,08,14,19,31+14
02,05,08,14,19,33+16
02,05,08,14,23,27+04
02,05,08,14,23,28+06
02,05,08,14,23,30+08
02,05,08,14,23,31+10
02,05,08,14,23,33+14
02,05,08,14,25,27+16
02,05,08,14,25,28+04
02,05,08,14,25,30+06
02,05,08,14,25,31+08
02,05,08,14,25,33+10
02,05,08,14,29,30+14
02,05,08,14,29,31+16
02,05,08,14,29,33+04
02,05,08,14,31,33+06
02,05,08,18,19,22+08
02,05,08,18,19,27+10
02,05,08,18,19,28+14
02,05,08,18,19,30+16
02,05,08,18,19,31+04
02,05,08,18,19,33+06
02,05,08,18,23,27+08
02,05,08,18,23,28+10
02,05,08,18,23,30+14
02,05,08,18,23,31+16
02,05,08,18,23,33+04
02,05,08,18,25,27+06
02,05,08,18,25,28+08
02,05,08,18,25,30+10
02,05,08,18,25,31+14
02,05,08,18,25,33+16
02,05,08,18,29,30+04
02,05,08,18,29,31+06
02,05,08,18,29,33+08
02,05,08,18,31,33+10
02,05,08,20,23,27+14
02,05,08,20,23,28+16
02,05,08,20,23,30+04
02,05,08,20,23,31+06
02,05,08,20,23,33+08
02,05,08,20,25,27+10
02,05,08,20,25,28+14
02,05,08,20,25,30+16
02,05,08,20,25,31+04
02,05,08,20,25,33+06
02,05,08,20,29,30+08
02,05,08,20,29,31+10
02,05,08,20,29,33+14
02,05,08,20,31,33+16
02,05,08,22,23,27+04
02,05,08,22,23,28+06
02,05,08,22,23,30+08
02,05,08,22,23,31+10
02,05,08,22,23,33+14
02,05,08,22,25,27+16
02,05,08,22,25,28+04
02,05,08,22,25,30+06
02,05,08,22,25,31+08
02,05,08,22,25,33+10
02,05,08,22,29,30+14
02,05,08,22,29,31+16
02,05,08,22,29,33+04
02,05,08,22,31,33+06
02,05,14,18,19,22+08
02,05,14,18,19,27+10
02,05,14,18,19,28+14
02,05,14,18,19,30+16
02,05,14,18,19,31+04
02,05,14,18,19,33+06
02,05,14,18,23,27+08
02,05,14,18,23,28+10
02,05,14,18,23,30+14
02,05,14,18,23,31+16
02,05,14,18,23,33+04
02,05,14,18,25,27+06
02,05,14,18,25,28+08
02,05,14,18,25,30+10
02,05,14,18,25,31+14
02,05,14,18,25,33+16
02,05,14,18,29,30+04
02,05,14,18,29,31+06
02,05,14,18,29,33+08
02,05,14,18,31,33+10
02,05,14,20,23,27+14
02,05,14,20,23,28+16
02,05,14,20,23,30+04
02,05,14,20,23,31+06
02,05,14,20,23,33+08
02,05,14,20,25,27+10
02,05,14,20,25,28+14
02,05,14,20,25,30+16
02,05,14,20,25,31+04
02,05,14,20,25,33+06
02,05,14,20,29,30+08
02,05,14,20,29,31+10
02,05,14,20,29,33+14
02,05,14,20,31,33+16
02,05,14,22,23,27+04
02,05,14,22,23,28+06
02,05,14,22,23,30+08
02,05,14,22,23,31+10
02,05,14,22,23,33+14
02,05,14,22,25,27+16
02,05,14,22,25,28+04
02,05,14,22,25,30+06
02,05,14,22,25,31+08
02,05,14,22,25,33+10
02,05,14,22,29,30+14
02,05,14,22,29,31+16
02,05,14,22,29,33+04
02,05,14,22,31,33+06
02,05,16,18,19,22+08
02,05,16,18,19,27+10
02,05,16,18,19,28+14
02,05,16,18,19,30+16
02,05,16,18,19,31+04
02,05,16,18,19,33+06
02,05,16,18,23,27+08
02,05,16,18,23,28+10
02,05,16,18,23,30+14
02,05,16,18,23,31+16
02,05,16,18,23,33+04
02,05,16,18,25,27+06
02,05,16,18,25,28+08
02,05,16,18,25,30+10
02,05,16,18,25,31+14
02,05,16,18,25,33+16
02,05,16,18,29,30+04
02,05,16,18,29,31+06
02,05,16,18,29,33+08
02,05,16,18,31,33+10
02,05,16,20,23,27+14
02,05,16,20,23,28+16
02,05,16,20,23,30+04
02,05,16,20,23,31+06
02,05,16,20,23,33+08
02,05,16,20,25,27+10
02,05,16,20,25,28+14
02,05,16,20,25,30+16
02,05,16,20,25,31+04
02,05,16,20,25,33+06
02,05,16,20,29,30+08
02,05,16,20,29,31+10
02,05,16,20,29,33+14
02,05,16,20,31,33+16
02,05,16,22,23,27+04
02,05,16,22,23,28+06
02,05,16,22,23,30+08
02,05,16,22,23,31+10
02,05,16,22,23,33+14
02,05,16,22,25,27+16
02,05,16,22,25,28+04
02,05,16,22,25,30+06
02,05,16,22,25,31+08
02,05,16,22,25,33+10
02,05,16,22,29,30+14
02,05,16,22,29,31+16
02,05,16,22,29,33+04
02,05,16,22,31,33+06
02,05,18,20,23,27+08
02,05,18,20,23,28+10
02,05,18,20,23,30+14
02,05,18,20,23,31+16
02,05,18,20,23,33+04
02,05,18,20,25,27+06
02,05,18,20,25,28+08
02,05,18,20,25,30+10
02,05,18,20,25,31+14
02,05,18,20,25,33+16
02,05,18,20,29,30+04
02,05,18,20,29,31+06
02,05,18,20,29,33+08
02,05,18,20,31,33+10
02,05,18,22,23,27+14
02,05,18,22,23,28+16
02,05,18,22,23,30+04
02,05,18,22,23,31+06
02,05,18,22,23,33+08
02,05,18,22,25,27+10
02,05,18,22,25,28+14
02,05,18,22,25,30+16
02,05,18,22,25,31+04
02,05,18,22,25,33+06
02,05,18,22,29,30+08
02,05,18,22,29,31+10
02,05,18,22,29,33+14
02,05,18,22,31,33+16
02,05,20,22,23,27+04
02,05,20,22,23,28+06
02,05,20,22,23,30+08
02,05,20,22,23,31+10
02,05,20,22,23,33+14
02,05,20,22,25,27+16
02,05,20,22,25,28+04
02,05,20,22,25,30+06
02,05,20,22,25,31+08
02,05,20,22,25,33+10
02,05,20,22,29,30+14
02,05,20,22,29,31+16
02,05,20,22,29,33+04
02,05,20,22,31,33+06
02,07,08,10,13,22+08
02,07,08,10,13,27+10
02,07,08,10,13,28+14
02,07,08,10,13,30+16
02,07,08,10,13,31+04
02,07,08,10,13,33+06
02,07,08,10,17,22+08
02,07,08,10,17,27+10
02,07,08,10,17,28+14
02,07,08,10,17,30+16
02,07,08,10,17,31+04
02,07,08,10,17,33+06
02,07,08,10,19,22+08
02,07,08,10,19,27+10
02,07,08,10,19,28+14
02,07,08,10,19,30+16
02,07,08,10,19,31+04
02,07,08,10,19,33+06
02,07,08,10,23,27+08
02,07,08,10,23,28+10
02,07,08,10,23,30+14
02,07,08,10,23,31+16
02,07,08,10,23,33+04
02,07,08,10,25,27+06
02,07,08,10,25,28+08
02,07,08,10,25,30+10
02,07,08,10,25,31+14
02,07,08,10,25,33+16
02,07,08,10,29,30+04
02,07,08,10,29,31+06
02,07,08,10,29,33+08
02,07,08,10,31,33+10
02,07,08,14,17,22+14
02,07,08,14,17,27+16
02,07,08,14,17,28+04
02,07,08,14,17,30+06
02,07,08,14,17,31+08
02,07,08,14,17,33+10
02,07,08,14,19,22+14
02,07,08,14,19,27+16
02,07,08,14,19,28+04
02,07,08,14,19,30+06
02,07,08,14,19,31+08
02,07,08,14,19,33+10
02,07,08,14,23,27+14
02,07,08,14,23,28+16
02,07,08,14,23,30+04
02,07,08,14,23,31+06
02,07,08,14,23,33+08
02,07,08,14,25,27+10
02,07,08,14,25,28+14
02,07,08,14,25,30+16
02,07,08,14,25,31+04
02,07,08,14,25,33+06
02,07,08,14,29,30+08
02,07,08,14,29,31+10
02,07,08,14,29,33+14
02,07,08,14,31,33+16
02,07,08,18,19,22+04
02,07,08,18,19,27+06
02,07,08,18,19,28+08
02,07,08,18,19,30+10
02,07,08,18,19,31+14
02,07,08,18,19,33+16
02,07,08,18,23,27+04
02,07,08,18,23,28+06
02,07,08,18,23,30+08
02,07,08,18,23,31+10
02,07,08,18,23,33+14
02,07,08,18,25,27+16
02,07,08,18,25,28+04
02,07,08,18,25,30+06
02,07,08,18,25,31+08
02,07,08,18,25,33+10
02,07,08,18,29,30+14
02,07,08,18,29,31+16
02,07,08,18,29,33+04
02,07,08,18,31,33+06
02,07,08,20,23,27+08
02,07,08,20,23,28+10
02,07,08,20,23,30+14
02,07,08,20,23,31+16
02,07,08,20,23,33+04
02,07,08,20,25,27+06
02,07,08,20,25,28+08
02,07,08,20,25,30+10
02,07,08,20,25,31+14
02,07,08,20,25,33+16
02,07,08,20,29,30+04
02,07,08,20,29,31+06
02,07,08,20,29,33+08
02,07,08,20,31,33+10
02,07,08,22,23,27+14
02,07,08,22,23,28+16
02,07,08,22,23,30+04
02,07,08,22,23,31+06
02,07,08,22,23,33+08
02,07,08,22,25,27+10
02,07,08,22,25,28+14
02,07,08,22,25,30+16
02,07,08,22,25,31+04
02,07,08,22,25,33+06
02,07,08,22,29,30+08
02,07,08,22,29,31+10
02,07,08,22,29,33+14
02,07,08,22,31,33+16
02,07,14,18,19,22+04
02,07,14,18,19,27+06
02,07,14,18,19,28+08
02,07,14,18,19,30+10
02,07,14,18,19,31+14
02,07,14,18,19,33+16
02,07,14,18,23,27+04
02,07,14,18,23,28+06
02,07,14,18,23,30+08
02,07,14,18,23,31+10
02,07,14,18,23,33+14
02,07,14,18,25,27+16
02,07,14,18,25,28+04
02,07,14,18,25,30+06
02,07,14,18,25,31+08
02,07,14,18,25,33+10
02,07,14,18,29,30+14
02,07,14,18,29,31+16
02,07,14,18,29,33+04
02,07,14,18,31,33+06
02,07,14,20,23,27+08
02,07,14,20,23,28+10
02,07,14,20,23,30+14
02,07,14,20,23,31+16
02,07,14,20,23,33+04
02,07,14,20,25,27+06
02,07,14,20,25,28+08
02,07,14,20,25,30+10
02,07,14,20,25,31+14
02,07,14,20,25,33+16
02,07,14,20,29,30+04
02,07,14,20,29,31+06
02,07,14,20,29,33+08
02,07,14,20,31,33+10
02,07,14,22,23,27+14
02,07,14,22,23,28+16
02,07,14,22,23,30+04
02,07,14,22,23,31+06
02,07,14,22,23,33+08
02,07,14,22,25,27+10
02,07,14,22,25,28+14
02,07,14,22,25,30+16
02,07,14,22,25,31+04
02,07,14,22,25,33+06
02,07,14,22,29,30+08
02,07,14,22,29,31+10
02,07,14,22,29,33+14
02,07,14,22,31,33+16
02,07,16,18,19,22+04
02,07,16,18,19,27+06
02,07,16,18,19,28+08
02,07,16,18,19,30+10
02,07,16,18,19,31+14
02,07,16,18,19,33+16
02,07,16,18,23,27+04
02,07,16,18,23,28+06
02,07,16,18,23,30+08
02,07,16,18,23,31+10
02,07,16,18,23,33+14
02,07,16,18,25,27+16
02,07,16,18,25,28+04
02,07,16,18,25,30+06
02,07,16,18,25,31+08
02,07,16,18,25,33+10
02,07,16,18,29,30+14
02,07,16,18,29,31+16
02,07,16,18,29,33+04
02,07,16,18,31,33+06
02,07,16,20,23,27+08
02,07,16,20,23,28+10
02,07,16,20,23,30+14
02,07,16,20,23,31+16
02,07,16,20,23,33+04
02,07,16,20,25,27+06
02,07,16,20,25,28+08
02,07,16,20,25,30+10
02,07,16,20,25,31+14
02,07,16,20,25,33+16
02,07,16,20,29,30+04
02,07,16,20,29,31+06
02,07,16,20,29,33+08
02,07,16,20,31,33+10
02,07,16,22,23,27+14
02,07,16,22,23,28+16
02,07,16,22,23,30+04
02,07,16,22,23,31+06
02,07,16,22,23,33+08
02,07,16,22,25,27+10
02,07,16,22,25,28+14
02,07,16,22,25,30+16
02,07,16,22,25,31+04
02,07,16,22,25,33+06
02,07,16,22,29,30+08
02,07,16,22,29,31+10
02,07,16,22,29,33+14
02,07,16,22,31,33+16
02,07,18,20,23,27+04
02,07,18,20,23,28+06
02,07,18,20,23,30+08
02,07,18,20,23,31+10
02,07,18,20,23,33+14
02,07,18,20,25,27+16
02,07,18,20,25,28+04
02,07,18,20,25,30+06
02,07,18,20,25,31+08
02,07,18,20,25,33+10
02,07,18,20,29,30+14
02,07,18,20,29,31+16
02,07,18,20,29,33+04
02,07,18,20,31,33+06
02,07,18,22,23,27+08
02,07,18,22,23,28+10
02,07,18,22,23,30+14
02,07,18,22,23,31+16
02,07,18,22,23,33+04
02,07,18,22,25,27+06
02,07,18,22,25,28+08
02,07,18,22,25,30+10
02,07,18,22,25,31+14
02,07,18,22,25,33+16
02,07,18,22,29,30+04
02,07,18,22,29,31+06
02,07,18,22,29,33+08
02,07,18,22,31,33+10
02,07,20,22,23,27+14
02,07,20,22,23,28+16
02,07,20,22,23,30+04
02,07,20,22,23,31+06
02,07,20,22,23,33+08
02,07,20,22,25,27+10
02,07,20,22,25,28+14
02,07,20,22,25,30+16
02,07,20,22,25,31+04
02,07,20,22,25,33+06
02,07,20,22,29,30+08
02,07,20,22,29,31+10
02,07,20,22,29,33+14
02,07,20,22,31,33+16
02,09,14,18,19,22+04
02,09,14,18,19,27+06
02,09,14,18,19,28+08
02,09,14,18,19,30+10
02,09,14,18,19,31+14
02,09,14,18,19,33+16
02,09,14,18,23,27+04
02,09,14,18,23,28+06
02,09,14,18,23,30+08
02,09,14,18,23,31+10
02,09,14,18,23,33+14
02,09,14,18,25,27+16
02,09,14,18,25,28+04
02,09,14,18,25,30+06
02,09,14,18,25,31+08
02,09,14,18,25,33+10
02,09,14,18,29,30+14
02,09,14,18,29,31+16
02,09,14,18,29,33+04
02,09,14,18,31,33+06
02,09,14,20,23,27+08
02,09,14,20,23,28+10
02,09,14,20,23,30+14
02,09,14,20,23,31+16
02,09,14,20,23,33+04
02,09,14,20,25,27+06
02,09,14,20,25,28+08
02,09,14,20,25,30+10
02,09,14,20,25,31+14
02,09,14,20,25,33+16
02,09,14,20,29,30+04
02,09,14,20,29,31+06
02,09,14,20,29,33+08
02,09,14,20,31,33+10
02,09,14,22,23,27+14
02,09,14,22,23,28+16
02,09,14,22,23,30+04
02,09,14,22,23,31+06
02,09,14,22,23,33+08
02,09,14,22,25,27+10
02,09,14,22,25,28+14
02,09,14,22,25,30+16
02,09,14,22,25,31+04
02,09,14,22,25,33+06
02,09,14,22,29,30+08
02,09,14,22,29,31+10
02,09,14,22,29,33+14
02,09,14,22,31,33+16
02,09,16,18,19,22+04
02,09,16,18,19,27+06
02,09,16,18,19,28+08
02,09,16,18,19,30+10
02,09,16,18,19,31+14
02,09,16,18,19,33+16
02,09,16,18,23,27+04
02,09,16,18,23,28+06
02,09,16,18,23,30+08
02,09,16,18,23,31+10
02,09,16,18,23,33+14
02,09,16,18,25,27+16
02,09,16,18,25,28+04
02,09,16,18,25,30+06
02,09,16,18,25,31+08
02,09,16,18,25,33+10
02,09,16,18,29,30+14
02,09,16,18,29,31+16
02,09,16,18,29,33+04
02,09,16,18,31,33+06
02,09,16,20,23,27+08
02,09,16,20,23,28+10
02,09,16,20,23,30+14
02,09,16,20,23,31+16
02,09,16,20,23,33+04
02,09,16,20,25,27+06
02,09,16,20,25,28+08
02,09,16,20,25,30+10
02,09,16,20,25,31+14
02,09,16,20,25,33+16
02,09,16,20,29,30+04
02,09,16,20,29,31+06
02,09,16,20,29,33+08
02,09,16,20,31,33+10
02,09,16,22,23,27+14
02,09,16,22,23,28+16
02,09,16,22,23,30+04
02,09,16,22,23,31+06
02,09,16,22,23,33+08
02,09,16,22,25,27+10
02,09,16,22,25,28+14
02,09,16,22,25,30+16
02,09,16,22,25,31+04
02,09,16,22,25,33+06
02,09,16,22,29,30+08
02,09,16,22,29,31+10
02,09,16,22,29,33+14
02,09,16,22,31,33+16
02,09,18,20,23,27+04
02,09,18,20,23,28+06
02,09,18,20,23,30+08
02,09,18,20,23,31+10
02,09,18,20,23,33+14
02,09,18,20,25,27+16
02,09,18,20,25,28+04
02,09,18,20,25,30+06
02,09,18,20,25,31+08
02,09,18,20,25,33+10
02,09,18,20,29,30+14
02,09,18,20,29,31+16
02,09,18,20,29,33+04
02,09,18,20,31,33+06
02,09,18,22,23,27+08
02,09,18,22,23,28+10
02,09,18,22,23,30+14
02,09,18,22,23,31+16
02,09,18,22,23,33+04
02,09,18,22,25,27+06
02,09,18,22,25,28+08
02,09,18,22,25,30+10
02,09,18,22,25,31+14
02,09,18,22,25,33+16
02,09,18,22,29,30+04
02,09,18,22,29,31+06
02,09,18,22,29,33+08
02,09,18,22,31,33+10
02,09,20,22,23,27+14
02,09,20,22,23,28+16
02,09,20,22,23,30+04
02,09,20,22,23,31+06
02,09,20,22,23,33+08
02,09,20,22,25,27+10
02,09,20,22,25,28+14
02,09,20,22,25,30+16
02,09,20,22,25,31+04
02,09,20,22,25,33+06
02,09,20,22,29,30+08
02,09,20,22,29,31+10
02,09,20,22,29,33+14
02,09,20,22,31,33+16
02,11,14,18,19,22+04
02,11,14,18,19,27+06
02,11,14,18,19,28+08
02,11,14,18,19,30+10
02,11,14,18,19,31+14
02,11,14,18,19,33+16
02,11,14,18,23,27+04
02,11,14,18,23,28+06
02,11,14,18,23,30+08
02,11,14,18,23,31+10
02,11,14,18,23,33+14
02,11,14,18,25,27+16
02,11,14,18,25,28+04
02,11,14,18,25,30+06
02,11,14,18,25,31+08
02,11,14,18,25,33+10
02,11,14,18,29,30+14
02,11,14,18,29,31+16
02,11,14,18,29,33+04
02,11,14,18,31,33+06
02,11,14,20,23,27+08
02,11,14,20,23,28+10
02,11,14,20,23,30+14
02,11,14,20,23,31+16
02,11,14,20,23,33+04
02,11,14,20,25,27+06
02,11,14,20,25,28+08
02,11,14,20,25,30+10
02,11,14,20,25,31+14
02,11,14,20,25,33+16
02,11,14,20,29,30+04
02,11,14,20,29,31+06
02,11,14,20,29,33+08
02,11,14,20,31,33+10
02,11,14,22,23,27+14
02,11,14,22,23,28+16
02,11,14,22,23,30+04
02,11,14,22,23,31+06
02,11,14,22,23,33+08
02,11,14,22,25,27+10
02,11,14,22,25,28+14
02,11,14,22,25,30+16
02,11,14,22,25,31+04
02,11,14,22,25,33+06
02,11,14,22,29,30+08
02,11,14,22,29,31+10
02,11,14,22,29,33+14
02,11,14,22,31,33+16
02,11,16,18,19,22+04
02,11,16,18,19,27+06
02,11,16,18,19,28+08
02,11,16,18,19,30+10
02,11,16,18,19,31+14
02,11,16,18,19,33+16
02,11,16,18,23,27+04
02,11,16,18,23,28+06
02,11,16,18,23,30+08
02,11,16,18,23,31+10
02,11,16,18,23,33+14
02,11,16,18,25,27+16
02,11,16,18,25,28+04
02,11,16,18,25,30+06
02,11,16,18,25,31+08
02,11,16,18,25,33+10
02,11,16,18,29,30+14
02,11,16,18,29,31+16
02,11,16,18,29,33+04
02,11,16,18,31,33+06
02,11,16,20,23,27+08
02,11,16,20,23,28+10
02,11,16,20,23,30+14
02,11,16,20,23,31+16
02,11,16,20,23,33+04
02,11,16,20,25,27+06
02,11,16,20,25,28+08
02,11,16,20,25,30+10
02,11,16,20,25,31+14
02,11,16,20,25,33+16
02,11,16,20,29,30+04
02,11,16,20,29,31+06
02,11,16,20,29,33+08
02,11,16,20,31,33+10
02,11,16,22,23,27+14
02,11,16,22,23,28+16
02,11,16,22,23,30+04
02,11,16,22,23,31+06
02,11,16,22,23,33+08
02,11,16,22,25,27+10
02,11,16,22,25,28+14
02,11,16,22,25,30+16
02,11,16,22,25,31+04
02,11,16,22,25,33+06
02,11,16,22,29,30+08
02,11,16,22,29,31+10
02,11,16,22,29,33+14
02,11,16,22,31,33+16
02,11,18,20,23,27+04
02,11,18,20,23,28+06
02,11,18,20,23,30+08
02,11,18,20,23,31+10
02,11,18,20,23,33+14
02,11,18,20,25,27+16
02,11,18,20,25,28+04
02,11,18,20,25,30+06
02,11,18,20,25,31+08
02,11,18,20,25,33+10
02,11,18,20,29,30+14
02,11,18,20,29,31+16
02,11,18,20,29,33+04
02,11,18,20,31,33+06
02,11,18,22,23,27+08
02,11,18,22,23,28+10
02,11,18,22,23,30+14
02,11,18,22,23,31+16
02,11,18,22,23,33+04
02,11,18,22,25,27+06
02,11,18,22,25,28+08
02,11,18,22,25,30+10
02,11,18,22,25,31+14
02,11,18,22,25,33+16
02,11,18,22,29,30+04
02,11,18,22,29,31+06
02,11,18,22,29,33+08
02,11,18,22,31,33+10
02,11,20,22,23,27+14
02,11,20,22,23,28+16
02,11,20,22,23,30+04
02,11,20,22,23,31+06
02,11,20,22,23,33+08
02,11,20,22,25,27+10
02,11,20,22,25,28+14
02,11,20,22,25,30+16
02,11,20,22,25,31+04
02,11,20,22,25,33+06
02,11,20,22,29,30+08
02,11,20,22,29,31+10
02,11,20,22,29,33+14
02,11,20,22,31,33+16
02,19,20,22,23,27+04
02,19,20,22,23,28+06
02,19,20,22,23,30+08
02,19,20,22,23,31+10
02,19,20,22,23,33+14
02,19,20,22,25,27+16
02,19,20,22,25,28+04
02,19,20,22,25,30+06
02,19,20,22,25,31+08
02,19,20,22,25,33+10
02,19,20,22,29,30+14
02,19,20,22,29,31+16
02,19,20,22,29,33+04
02,19,20,22,31,33+06
03,05,08,10,13,22+08
03,05,08,10,13,27+10
03,05,08,10,13,28+14
03,05,08,10,13,30+16
03,05,08,10,13,31+04
03,05,08,10,13,33+06
03,05,08,10,17,22+08
03,05,08,10,17,27+10
03,05,08,10,17,28+14
03,05,08,10,17,30+16
03,05,08,10,17,31+04
03,05,08,10,17,33+06
03,05,08,10,19,22+08
03,05,08,10,19,27+10
03,05,08,10,19,28+14
03,05,08,10,19,30+16
03,05,08,10,19,31+04
03,05,08,10,19,33+06
03,05,08,10,23,27+08
03,05,08,10,23,28+10
03,05,08,10,23,30+14
03,05,08,10,23,31+16
03,05,08,10,23,33+04
03,05,08,10,25,27+06
03,05,08,10,25,28+08
03,05,08,10,25,30+10
03,05,08,10,25,31+14
03,05,08,10,25,33+16
03,05,08,10,29,30+04
03,05,08,10,29,31+06
03,05,08,10,29,33+08
03,05,08,10,31,33+10
03,05,08,14,17,22+14
03,05,08,14,17,27+16
03,05,08,14,17,28+04
03,05,08,14,17,30+06
03,05,08,14,17,31+08
03,05,08,14,17,33+10
03,05,08,14,19,22+14
03,05,08,14,19,27+16
03,05,08,14,19,28+04
03,05,08,14,19,30+06
03,05,08,14,19,31+08
03,05,08,14,19,33+10
03,05,08,14,23,27+14
03,05,08,14,23,28+16
03,05,08,14,23,30+04
03,05,08,14,23,31+06
03,05,08,14,23,33+08
03,05,08,14,25,27+10
03,05,08,14,25,28+14
03,05,08,14,25,30+16
03,05,08,14,25,31+04
03,05,08,14,25,33+06
03,05,08,14,29,30+08
03,05,08,14,29,31+10
03,05,08,14,29,33+14
03,05,08,14,31,33+16
03,05,08,18,19,22+04
03,05,08,18,19,27+06
03,05,08,18,19,28+08
03,05,08,18,19,30+10
03,05,08,18,19,31+14
03,05,08,18,19,33+16
03,05,08,18,23,27+04
03,05,08,18,23,28+06
03,05,08,18,23,30+08
03,05,08,18,23,31+10
03,05,08,18,23,33+14
03,05,08,18,25,27+16
03,05,08,18,25,28+04
03,05,08,18,25,30+06
03,05,08,18,25,31+08
03,05,08,18,25,33+10
03,05,08,18,29,30+14
03,05,08,18,29,31+16
03,05,08,18,29,33+04
03,05,08,18,31,33+06
03,05,08,20,23,27+08
03,05,08,20,23,28+10
03,05,08,20,23,30+14
03,05,08,20,23,31+16
03,05,08,20,23,33+04
03,05,08,20,25,27+06
03,05,08,20,25,28+08
03,05,08,20,25,30+10
03,05,08,20,25,31+14
03,05,08,20,25,33+16
03,05,08,20,29,30+04
03,05,08,20,29,31+06
03,05,08,20,29,33+08
03,05,08,20,31,33+10
03,05,08,22,23,27+14
03,05,08,22,23,28+16
03,05,08,22,23,30+04
03,05,08,22,23,31+06
03,05,08,22,23,33+08
03,05,08,22,25,27+10
03,05,08,22,25,28+14
03,05,08,22,25,30+16
03,05,08,22,25,31+04
03,05,08,22,25,33+06
03,05,08,22,29,30+08
03,05,08,22,29,31+10
03,05,08,22,29,33+14
03,05,08,22,31,33+16
03,05,14,18,19,22+04
03,05,14,18,19,27+06
03,05,14,18,19,28+08
03,05,14,18,19,30+10
03,05,14,18,19,31+14
03,05,14,18,19,33+16
03,05,14,18,23,27+04
03,05,14,18,23,28+06
03,05,14,18,23,30+08
03,05,14,18,23,31+10
03,05,14,18,23,33+14
03,05,14,18,25,27+16
03,05,14,18,25,28+04
03,05,14,18,25,30+06
03,05,14,18,25,31+08
03,05,14,18,25,33+10
03,05,14,18,29,30+14
03,05,14,18,29,31+16
03,05,14,18,29,33+04
03,05,14,18,31,33+06
03,05,14,20,23,27+08
03,05,14,20,23,28+10
03,05,14,20,23,30+14
03,05,14,20,23,31+16
03,05,14,20,23,33+04
03,05,14,20,25,27+06
03,05,14,20,25,28+08
03,05,14,20,25,30+10
03,05,14,20,25,31+14
03,05,14,20,25,33+16
03,05,14,20,29,30+04
03,05,14,20,29,31+06
03,05,14,20,29,33+08
03,05,14,20,31,33+10
03,05,14,22,23,27+14
03,05,14,22,23,28+16
03,05,14,22,23,30+04
03,05,14,22,23,31+06
03,05,14,22,23,33+08
03,05,14,22,25,27+10
03,05,14,22,25,28+14
03,05,14,22,25,30+16
03,05,14,22,25,31+04
03,05,14,22,25,33+06
03,05,14,22,29,30+08
03,05,14,22,29,31+10
03,05,14,22,29,33+14
03,05,14,22,31,33+16
03,05,16,18,19,22+04
03,05,16,18,19,27+06
03,05,16,18,19,28+08
03,05,16,18,19,30+10
03,05,16,18,19,31+14
03,05,16,18,19,33+16
03,05,16,18,23,27+04
03,05,16,18,23,28+06
03,05,16,18,23,30+08
03,05,16,18,23,31+10
03,05,16,18,23,33+14
03,05,16,18,25,27+16
03,05,16,18,25,28+04
03,05,16,18,25,30+06
03,05,16,18,25,31+08
03,05,16,18,25,33+10
03,05,16,18,29,30+14
03,05,16,18,29,31+16
03,05,16,18,29,33+04
03,05,16,18,31,33+06
03,05,16,20,23,27+08
03,05,16,20,23,28+10
03,05,16,20,23,30+14
03,05,16,20,23,31+16
03,05,16,20,23,33+04
03,05,16,20,25,27+06
03,05,16,20,25,28+08
03,05,16,20,25,30+10
03,05,16,20,25,31+14
03,05,16,20,25,33+16
03,05,16,20,29,30+04
03,05,16,20,29,31+06
03,05,16,20,29,33+08
03,05,16,20,31,33+10
03,05,16,22,23,27+14
03,05,16,22,23,28+16
03,05,16,22,23,30+04
03,05,16,22,23,31+06
03,05,16,22,23,33+08
03,05,16,22,25,27+10
03,05,16,22,25,28+14
03,05,16,22,25,30+16
03,05,16,22,25,31+04
03,05,16,22,25,33+06
03,05,16,22,29,30+08
03,05,16,22,29,31+10
03,05,16,22,29,33+14
03,05,16,22,31,33+16
03,05,18,20,23,27+04
03,05,18,20,23,28+06
03,05,18,20,23,30+08
03,05,18,20,23,31+10
03,05,18,20,23,33+14
03,05,18,20,25,27+16
03,05,18,20,25,28+04
03,05,18,20,25,30+06
03,05,18,20,25,31+08
03,05,18,20,25,33+10
03,05,18,20,29,30+14
03,05,18,20,29,31+16
03,05,18,20,29,33+04
03,05,18,20,31,33+06
03,05,18,22,23,27+08
03,05,18,22,23,28+10
03,05,18,22,23,30+14
03,05,18,22,23,31+16
03,05,18,22,23,33+04
03,05,18,22,25,27+06
03,05,18,22,25,28+08
03,05,18,22,25,30+10
03,05,18,22,25,31+14
03,05,18,22,25,33+16
03,05,18,22,29,30+04
03,05,18,22,29,31+06
03,05,18,22,29,33+08
03,05,18,22,31,33+10
03,05,20,22,23,27+14
03,05,20,22,23,28+16
03,05,20,22,23,30+04
03,05,20,22,23,31+06
03,05,20,22,23,33+08
03,05,20,22,25,27+10
03,05,20,22,25,28+14
03,05,20,22,25,30+16
03,05,20,22,25,31+04
03,05,20,22,25,33+06
03,05,20,22,29,30+08
03,05,20,22,29,31+10
03,05,20,22,29,33+14
03,05,20,22,31,33+16
03,07,08,10,13,22+04
03,07,08,10,13,27+06
03,07,08,10,13,28+08
03,07,08,10,13,30+10
03,07,08,10,13,31+14
03,07,08,10,13,33+16
03,07,08,10,17,22+04
03,07,08,10,17,27+06
03,07,08,10,17,28+08
03,07,08,10,17,30+10
03,07,08,10,17,31+14
03,07,08,10,17,33+16
03,07,08,10,19,22+04
03,07,08,10,19,27+06
03,07,08,10,19,28+08
03,07,08,10,19,30+10
03,07,08,10,19,31+14
03,07,08,10,19,33+16
03,07,08,10,23,27+04
03,07,08,10,23,28+06
03,07,08,10,23,30+08
03,07,08,10,23,31+10
03,07,08,10,23,33+14
03,07,08,10,25,27+16
03,07,08,10,25,28+04
03,07,08,10,25,30+06
03,07,08,10,25,31+08
03,07,08,10,25,33+10
03,07,08,10,29,30+14
03,07,08,10,29,31+16
03,07,08,10,29,33+04
03,07,08,10,31,33+06
03,07,08,14,17,22+08
03,07,08,14,17,27+10
03,07,08,14,17,28+14
03,07,08,14,17,30+16
03,07,08,14,17,31+04
03,07,08,14,17,33+06
03,07,08,14,19,22+08
03,07,08,14,19,27+10
03,07,08,14,19,28+14
03,07,08,14,19,30+16
03,07,08,14,19,31+04
03,07,08,14,19,33+06
03,07,08,14,23,27+08
03,07,08,14,23,28+10
03,07,08,14,23,30+14
03,07,08,14,23,31+16
03,07,08,14,23,33+04
03,07,08,14,25,27+06
03,07,08,14,25,28+08
03,07,08,14,25,30+10
03,07,08,14,25,31+14
03,07,08,14,25,33+16
03,07,08,14,29,30+04
03,07,08,14,29,31+06
03,07,08,14,29,33+08
03,07,08,14,31,33+10
03,07,08,18,19,22+14
03,07,08,18,19,27+16
03,07,08,18,19,28+04
03,07,08,18,19,30+06
03,07,08,18,19,31+08
03,07,08,18,19,33+10
03,07,08,18,23,27+14
03,07,08,18,23,28+16
03,07,08,18,23,30+04
03,07,08,18,23,31+06
03,07,08,18,23,33+08
03,07,08,18,25,27+10
03,07,08,18,25,28+14
03,07,08,18,25,30+16
03,07,08,18,25,31+04
03,07,08,18,25,33+06
03,07,08,18,29,30+08
03,07,08,18,29,31+10
03,07,08,18,29,33+14
03,07,08,18,31,33+16
03,07,08,20,23,27+04
03,07,08,20,23,28+06
03,07,08,20,23,30+08
03,07,08,20,23,31+10
03,07,08,20,23,33+14
03,07,08,20,25,27+16
03,07,08,20,25,28+04
03,07,08,20,25,30+06
03,07,08,20,25,31+08
03,07,08,20,25,33+10
03,07,08,20,29,30+14
03,07,08,20,29,31+16
03,07,08,20,29,33+04
03,07,08,20,31,33+06
03,07,08,22,23,27+08
03,07,08,22,23,28+10
03,07,08,22,23,30+14
03,07,08,22,23,31+16
03,07,08,22,23,33+04
03,07,08,22,25,27+06
03,07,08,22,25,28+08
03,07,08,22,25,30+10
03,07,08,22,25,31+14
03,07,08,22,25,33+16
03,07,08,22,29,30+04
03,07,08,22,29,31+06
03,07,08,22,29,33+08
03,07,08,22,31,33+10
03,07,14,18,19,22+14
03,07,14,18,19,27+16
03,07,14,18,19,28+04
03,07,14,18,19,30+06
03,07,14,18,19,31+08
03,07,14,18,19,33+10
03,07,14,18,23,27+14
03,07,14,18,23,28+16
03,07,14,18,23,30+04
03,07,14,18,23,31+06
03,07,14,18,23,33+08
03,07,14,18,25,27+10
03,07,14,18,25,28+14
03,07,14,18,25,30+16
03,07,14,18,25,31+04
03,07,14,18,25,33+06
03,07,14,18,29,30+08
03,07,14,18,29,31+10
03,07,14,18,29,33+14
03,07,14,18,31,33+16
03,07,14,20,23,27+04
03,07,14,20,23,28+06
03,07,14,20,23,30+08
03,07,14,20,23,31+10
03,07,14,20,23,33+14
03,07,14,20,25,27+16
03,07,14,20,25,28+04
03,07,14,20,25,30+06
03,07,14,20,25,31+08
03,07,14,20,25,33+10
03,07,14,20,29,30+14
03,07,14,20,29,31+16
03,07,14,20,29,33+04
03,07,14,20,31,33+06
03,07,14,22,23,27+08
03,07,14,22,23,28+10
03,07,14,22,23,30+14
03,07,14,22,23,31+16
03,07,14,22,23,33+04
03,07,14,22,25,27+06
03,07,14,22,25,28+08
03,07,14,22,25,30+10
03,07,14,22,25,31+14
03,07,14,22,25,33+16
03,07,14,22,29,30+04
03,07,14,22,29,31+06
03,07,14,22,29,33+08
03,07,14,22,31,33+10
03,07,16,18,19,22+14
03,07,16,18,19,27+16
03,07,16,18,19,28+04
03,07,16,18,19,30+06
03,07,16,18,19,31+08
03,07,16,18,19,33+10
03,07,16,18,23,27+14
03,07,16,18,23,28+16
03,07,16,18,23,30+04
03,07,16,18,23,31+06
03,07,16,18,23,33+08
03,07,16,18,25,27+10
03,07,16,18,25,28+14
03,07,16,18,25,30+16
03,07,16,18,25,31+04
03,07,16,18,25,33+06
03,07,16,18,29,30+08
03,07,16,18,29,31+10
03,07,16,18,29,33+14
03,07,16,18,31,33+16
03,07,16,20,23,27+04
03,07,16,20,23,28+06
03,07,16,20,23,30+08
03,07,16,20,23,31+10
03,07,16,20,23,33+14
03,07,16,20,25,27+16
03,07,16,20,25,28+04
03,07,16,20,25,30+06
03,07,16,20,25,31+08
03,07,16,20,25,33+10
03,07,16,20,29,30+14
03,07,16,20,29,31+16
03,07,16,20,29,33+04
03,07,16,20,31,33+06
03,07,16,22,23,27+08
03,07,16,22,23,28+10
03,07,16,22,23,30+14
03,07,16,22,23,31+16
03,07,16,22,23,33+04
03,07,16,22,25,27+06
03,07,16,22,25,28+08
03,07,16,22,25,30+10
03,07,16,22,25,31+14
03,07,16,22,25,33+16
03,07,16,22,29,30+04
03,07,16,22,29,31+06
03,07,16,22,29,33+08
03,07,16,22,31,33+10
03,07,18,20,23,27+14
03,07,18,20,23,28+16
03,07,18,20,23,30+04
03,07,18,20,23,31+06
03,07,18,20,23,33+08
03,07,18,20,25,27+10
03,07,18,20,25,28+14
03,07,18,20,25,30+16
03,07,18,20,25,31+04
03,07,18,20,25,33+06
03,07,18,20,29,30+08
03,07,18,20,29,31+10
03,07,18,20,29,33+14
03,07,18,20,31,33+16
03,07,18,22,23,27+04
03,07,18,22,23,28+06
03,07,18,22,23,30+08
03,07,18,22,23,31+10
03,07,18,22,23,33+14
03,07,18,22,25,27+16
03,07,18,22,25,28+04
03,07,18,22,25,30+06
03,07,18,22,25,31+08
03,07,18,22,25,33+10
03,07,18,22,29,30+14
03,07,18,22,29,31+16
03,07,18,22,29,33+04
03,07,18,22,31,33+06
03,07,20,22,23,27+08
03,07,20,22,23,28+10
03,07,20,22,23,30+14
03,07,20,22,23,31+16
03,07,20,22,23,33+04
03,07,20,22,25,27+06
03,07,20,22,25,28+08
03,07,20,22,25,30+10
03,07,20,22,25,31+14
03,07,20,22,25,33+16
03,07,20,22,29,30+04
03,07,20,22,29,31+06
03,07,20,22,29,33+08
03,07,20,22,31,33+10
03,09,14,18,19,22+14
03,09,14,18,19,27+16
03,09,14,18,19,28+04
03,09,14,18,19,30+06
03,09,14,18,19,31+08
03,09,14,18,19,33+10
03,09,14,18,23,27+14
03,09,14,18,23,28+16
03,09,14,18,23,30+04
03,09,14,18,23,31+06
03,09,14,18,23,33+08
03,09,14,18,25,27+10
03,09,14,18,25,28+14
03,09,14,18,25,30+16
03,09,14,18,25,31+04
03,09,14,18,25,33+06
03,09,14,18,29,30+08
03,09,14,18,29,31+10
03,09,14,18,29,33+14
03,09,14,18,31,33+16
03,09,14,20,23,27+04
03,09,14,20,23,28+06
03,09,14,20,23,30+08
03,09,14,20,23,31+10
03,09,14,20,23,33+14
03,09,14,20,25,27+16
03,09,14,20,25,28+04
03,09,14,20,25,30+06
03,09,14,20,25,31+08
03,09,14,20,25,33+10
03,09,14,20,29,30+14
03,09,14,20,29,31+16
03,09,14,20,29,33+04
03,09,14,20,31,33+06
03,09,14,22,23,27+08
03,09,14,22,23,28+10
03,09,14,22,23,30+14
03,09,14,22,23,31+16
03,09,14,22,23,33+04
03,09,14,22,25,27+06
03,09,14,22,25,28+08
03,09,14,22,25,30+10
03,09,14,22,25,31+14
03,09,14,22,25,33+16
03,09,14,22,29,30+04
03,09,14,22,29,31+06
03,09,14,22,29,33+08
03,09,14,22,31,33+10
03,09,16,18,19,22+14
03,09,16,18,19,27+16
03,09,16,18,19,28+04
03,09,16,18,19,30+06
03,09,16,18,19,31+08
03,09,16,18,19,33+10
03,09,16,18,23,27+14
03,09,16,18,23,28+16
03,09,16,18,23,30+04
03,09,16,18,23,31+06
03,09,16,18,23,33+08
03,09,16,18,25,27+10
03,09,16,18,25,28+14
03,09,16,18,25,30+16
03,09,16,18,25,31+04
03,09,16,18,25,33+06
03,09,16,18,29,30+08
03,09,16,18,29,31+10
03,09,16,18,29,33+14
03,09,16,18,31,33+16
03,09,16,20,23,27+04
03,09,16,20,23,28+06
03,09,16,20,23,30+08
03,09,16,20,23,31+10
03,09,16,20,23,33+14
03,09,16,20,25,27+16
03,09,16,20,25,28+04
03,09,16,20,25,30+06
03,09,16,20,25,31+08
03,09,16,20,25,33+10
03,09,16,20,29,30+14
03,09,16,20,29,31+16
03,09,16,20,29,33+04
03,09,16,20,31,33+06
03,09,16,22,23,27+08
03,09,16,22,23,28+10
03,09,16,22,23,30+14
03,09,16,22,23,31+16
03,09,16,22,23,33+04
03,09,16,22,25,27+06
03,09,16,22,25,28+08
03,09,16,22,25,30+10
03,09,16,22,25,31+14
03,09,16,22,25,33+16
03,09,16,22,29,30+04
03,09,16,22,29,31+06
03,09,16,22,29,33+08
03,09,16,22,31,33+10
03,09,18,20,23,27+14
03,09,18,20,23,28+16
03,09,18,20,23,30+04
03,09,18,20,23,31+06
03,09,18,20,23,33+08
03,09,18,20,25,27+10
03,09,18,20,25,28+14
03,09,18,20,25,30+16
03,09,18,20,25,31+04
03,09,18,20,25,33+06
03,09,18,20,29,30+08
03,09,18,20,29,31+10
03,09,18,20,29,33+14
03,09,18,20,31,33+16
03,09,18,22,23,27+04
03,09,18,22,23,28+06
03,09,18,22,23,30+08
03,09,18,22,23,31+10
03,09,18,22,23,33+14
03,09,18,22,25,27+16
03,09,18,22,25,28+04
03,09,18,22,25,30+06
03,09,18,22,25,31+08
03,09,18,22,25,33+10
03,09,18,22,29,30+14
03,09,18,22,29,31+16
03,09,18,22,29,33+04
03,09,18,22,31,33+06
03,09,20,22,23,27+08
03,09,20,22,23,28+10
03,09,20,22,23,30+14
03,09,20,22,23,31+16
03,09,20,22,23,33+04
03,09,20,22,25,27+06
03,09,20,22,25,28+08
03,09,20,22,25,30+10
03,09,20,22,25,31+14
03,09,20,22,25,33+16
03,09,20,22,29,30+04
03,09,20,22,29,31+06
03,09,20,22,29,33+08
03,09,20,22,31,33+10
03,11,14,18,19,22+14
03,11,14,18,19,27+16
03,11,14,18,19,28+04
03,11,14,18,19,30+06
03,11,14,18,19,31+08
03,11,14,18,19,33+10
03,11,14,18,23,27+14
03,11,14,18,23,28+16
03,11,14,18,23,30+04
03,11,14,18,23,31+06
03,11,14,18,23,33+08
03,11,14,18,25,27+10
03,11,14,18,25,28+14
03,11,14,18,25,30+16
03,11,14,18,25,31+04
03,11,14,18,25,33+06
03,11,14,18,29,30+08
03,11,14,18,29,31+10
03,11,14,18,29,33+14
03,11,14,18,31,33+16
03,11,14,20,23,27+04
03,11,14,20,23,28+06
03,11,14,20,23,30+08
03,11,14,20,23,31+10
03,11,14,20,23,33+14
03,11,14,20,25,27+16
03,11,14,20,25,28+04
03,11,14,20,25,30+06
03,11,14,20,25,31+08
03,11,14,20,25,33+10
03,11,14,20,29,30+14
03,11,14,20,29,31+16
03,11,14,20,29,33+04
03,11,14,20,31,33+06
03,11,14,22,23,27+08
03,11,14,22,23,28+10
03,11,14,22,23,30+14
03,11,14,22,23,31+16
03,11,14,22,23,33+04
03,11,14,22,25,27+06
03,11,14,22,25,28+08
03,11,14,22,25,30+10
03,11,14,22,25,31+14
03,11,14,22,25,33+16
03,11,14,22,29,30+04
03,11,14,22,29,31+06
03,11,14,22,29,33+08
03,11,14,22,31,33+10
03,11,16,18,19,22+14
03,11,16,18,19,27+16
03,11,16,18,19,28+04
03,11,16,18,19,30+06
03,11,16,18,19,31+08
03,11,16,18,19,33+10
03,11,16,18,23,27+14
03,11,16,18,23,28+16
03,11,16,18,23,30+04
03,11,16,18,23,31+06
03,11,16,18,23,33+08
03,11,16,18,25,27+10
03,11,16,18,25,28+14
03,11,16,18,25,30+16
03,11,16,18,25,31+04
03,11,16,18,25,33+06
03,11,16,18,29,30+08
03,11,16,18,29,31+10
03,11,16,18,29,33+14
03,11,16,18,31,33+16
03,11,16,20,23,27+04
03,11,16,20,23,28+06
03,11,16,20,23,30+08
03,11,16,20,23,31+10
03,11,16,20,23,33+14
03,11,16,20,25,27+16
03,11,16,20,25,28+04
03,11,16,20,25,30+06
03,11,16,20,25,31+08
03,11,16,20,25,33+10
03,11,16,20,29,30+14
03,11,16,20,29,31+16
03,11,16,20,29,33+04
03,11,16,20,31,33+06
03,11,16,22,23,27+08
03,11,16,22,23,28+10
03,11,16,22,23,30+14
03,11,16,22,23,31+16
03,11,16,22,23,33+04
03,11,16,22,25,27+06
03,11,16,22,25,28+08
03,11,16,22,25,30+10
03,11,16,22,25,31+14
03,11,16,22,25,33+16
03,11,16,22,29,30+04
03,11,16,22,29,31+06
03,11,16,22,29,33+08
03,11,16,22,31,33+10
03,11,18,20,23,27+14
03,11,18,20,23,28+16
03,11,18,20,23,30+04
03,11,18,20,23,31+06
03,11,18,20,23,33+08
03,11,18,20,25,27+10
03,11,18,20,25,28+14
03,11,18,20,25,30+16
03,11,18,20,25,31+04
03,11,18,20,25,33+06
03,11,18,20,29,30+08
03,11,18,20,29,31+10
03,11,18,20,29,33+14
03,11,18,20,31,33+16
03,11,18,22,23,27+04
03,11,18,22,23,28+06
03,11,18,22,23,30+08
03,11,18,22,23,31+10
03,11,18,22,23,33+14
03,11,18,22,25,27+16
03,11,18,22,25,28+04
03,11,18,22,25,30+06
03,11,18,22,25,31+08
03,11,18,22,25,33+10
03,11,18,22,29,30+14
03,11,18,22,29,31+16
03,11,18,22,29,33+04
03,11,18,22,31,33+06
03,11,20,22,23,27+08
03,11,20,22,23,28+10
03,11,20,22,23,30+14
03,11,20,22,23,31+16
03,11,20,22,23,33+04
03,11,20,22,25,27+06
03,11,20,22,25,28+08
03,11,20,22,25,30+10
03,11,20,22,25,31+14
03,11,20,22,25,33+16
03,11,20,22,29,30+04
03,11,20,22,29,31+06
03,11,20,22,29,33+08
03,11,20,22,31,33+10
03,19,20,22,23,27+14
03,19,20,22,23,28+16
03,19,20,22,23,30+04
03,19,20,22,23,31+06
03,19,20,22,23,33+08
03,19,20,22,25,27+10
03,19,20,22,25,28+14
03,19,20,22,25,30+16
03,19,20,22,25,31+04
03,19,20,22,25,33+06
03,19,20,22,29,30+08
03,19,20,22,29,31+10
03,19,20,22,29,33+14
03,19,20,22,31,33+16
04,05,08,10,13,22+04
04,05,08,10,13,27+06
04,05,08,10,13,28+08
04,05,08,10,13,30+10
04,05,08,10,13,31+14
04,05,08,10,13,33+16
04,05,08,10,17,22+04
04,05,08,10,17,27+06
04,05,08,10,17,28+08
04,05,08,10,17,30+10
04,05,08,10,17,31+14
04,05,08,10,17,33+16
04,05,08,10,19,22+04
04,05,08,10,19,27+06
04,05,08,10,19,28+08
04,05,08,10,19,30+10
04,05,08,10,19,31+14
04,05,08,10,19,33+16
04,05,08,10,23,27+04
04,05,08,10,23,28+06
04,05,08,10,23,30+08
04,05,08,10,23,31+10
04,05,08,10,23,33+14
04,05,08,10,25,27+16
04,05,08,10,25,28+04
04,05,08,10,25,30+06
04,05,08,10,25,31+08
04,05,08,10,25,33+10
04,05,08,10,29,30+14
04,05,08,10,29,31+16
04,05,08,10,29,33+04
04,05,08,10,31,33+06
04,05,08,14,17,22+08
04,05,08,14,17,27+10
04,05,08,14,17,28+14
04,05,08,14,17,30+16
04,05,08,14,17,31+04
04,05,08,14,17,33+06
04,05,08,14,19,22+08
04,05,08,14,19,27+10
04,05,08,14,19,28+14
04,05,08,14,19,30+16
04,05,08,14,19,31+04
04,05,08,14,19,33+06
04,05,08,14,23,27+08
04,05,08,14,23,28+10
04,05,08,14,23,30+14
04,05,08,14,23,31+16
04,05,08,14,23,33+04
04,05,08,14,25,27+06
04,05,08,14,25,28+08
04,05,08,14,25,30+10
04,05,08,14,25,31+14
04,05,08,14,25,33+16
04,05,08,14,29,30+04
04,05,08,14,29,31+06
04,05,08,14,29,33+08
04,05,08,14,31,33+10
04,05,08,18,19,22+14
04,05,08,18,19,27+16
04,05,08,18,19,28+04
04,05,08,18,19,30+06
04,05,08,18,19,31+08
04,05,08,18,19,33+10
04,05,08,18,23,27+14
04,05,08,18,23,28+16
04,05,08,18,23,30+04
04,05,08,18,23,31+06
04,05,08,18,23,33+08
04,05,08,18,25,27+10
04,05,08,18,25,28+14
04,05,08,18,25,30+16
04,05,08,18,25,31+04
04,05,08,18,25,33+06
04,05,08,18,29,30+08
04,05,08,18,29,31+10
04,05,08,18,29,33+14
04,05,08,18,31,33+16
04,05,08,20,23,27+04
04,05,08,20,23,28+06
04,05,08,20,23,30+08
04,05,08,20,23,31+10
04,05,08,20,23,33+14
04,05,08,20,25,27+16
04,05,08,20,25,28+04
04,05,08,20,25,30+06
04,05,08,20,25,31+08
04,05,08,20,25,33+10
04,05,08,20,29,30+14
04,05,08,20,29,31+16
04,05,08,20,29,33+04
04,05,08,20,31,33+06
04,05,08,22,23,27+08
04,05,08,22,23,28+10
04,05,08,22,23,30+14
04,05,08,22,23,31+16
04,05,08,22,23,33+04
04,05,08,22,25,27+06
04,05,08,22,25,28+08
04,05,08,22,25,30+10
04,05,08,22,25,31+14
04,05,08,22,25,33+16
04,05,08,22,29,30+04
04,05,08,22,29,31+06
04,05,08,22,29,33+08
04,05,08,22,31,33+10
04,05,14,18,19,22+14
04,05,14,18,19,27+16
04,05,14,18,19,28+04
04,05,14,18,19,30+06
04,05,14,18,19,31+08
04,05,14,18,19,33+10
04,05,14,18,23,27+14
04,05,14,18,23,28+16
04,05,14,18,23,30+04
04,05,14,18,23,31+06
04,05,14,18,23,33+08
04,05,14,18,25,27+10
04,05,14,18,25,28+14
04,05,14,18,25,30+16
04,05,14,18,25,31+04
04,05,14,18,25,33+06
04,05,14,18,29,30+08
04,05,14,18,29,31+10
04,05,14,18,29,33+14
04,05,14,18,31,33+16
04,05,14,20,23,27+04
04,05,14,20,23,28+06
04,05,14,20,23,30+08
04,05,14,20,23,31+10
04,05,14,20,23,33+14
04,05,14,20,25,27+16
04,05,14,20,25,28+04
04,05,14,20,25,30+06
04,05,14,20,25,31+08
04,05,14,20,25,33+10
04,05,14,20,29,30+14
04,05,14,20,29,31+16
04,05,14,20,29,33+04
04,05,14,20,31,33+06
04,05,14,22,23,27+08
04,05,14,22,23,28+10
04,05,14,22,23,30+14
04,05,14,22,23,31+16
04,05,14,22,23,33+04
04,05,14,22,25,27+06
04,05,14,22,25,28+08
04,05,14,22,25,30+10
04,05,14,22,25,31+14
04,05,14,22,25,33+16
04,05,14,22,29,30+04
04,05,14,22,29,31+06
04,05,14,22,29,33+08
04,05,14,22,31,33+10
04,05,16,18,19,22+14
04,05,16,18,19,27+16
04,05,16,18,19,28+04
04,05,16,18,19,30+06
04,05,16,18,19,31+08
04,05,16,18,19,33+10
04,05,16,18,23,27+14
04,05,16,18,23,28+16
04,05,16,18,23,30+04
04,05,16,18,23,31+06
04,05,16,18,23,33+08
04,05,16,18,25,27+10
04,05,16,18,25,28+14
04,05,16,18,25,30+16
04,05,16,18,25,31+04
04,05,16,18,25,33+06
04,05,16,18,29,30+08
04,05,16,18,29,31+10
04,05,16,18,29,33+14
04,05,16,18,31,33+16
04,05,16,20,23,27+04
04,05,16,20,23,28+06
04,05,16,20,23,30+08
04,05,16,20,23,31+10
04,05,16,20,23,33+14
04,05,16,20,25,27+16
04,05,16,20,25,28+04
04,05,16,20,25,30+06
04,05,16,20,25,31+08
04,05,16,20,25,33+10
04,05,16,20,29,30+14
04,05,16,20,29,31+16
04,05,16,20,29,33+04
04,05,16,20,31,33+06
04,05,16,22,23,27+08
04,05,16,22,23,28+10
04,05,16,22,23,30+14
04,05,16,22,23,31+16
04,05,16,22,23,33+04
04,05,16,22,25,27+06
04,05,16,22,25,28+08
04,05,16,22,25,30+10
04,05,16,22,25,31+14
04,05,16,22,25,33+16
04,05,16,22,29,30+04
04,05,16,22,29,31+06
04,05,16,22,29,33+08
04,05,16,22,31,33+10
04,05,18,20,23,27+14
04,05,18,20,23,28+16
04,05,18,20,23,30+04
04,05,18,20,23,31+06
04,05,18,20,23,33+08
04,05,18,20,25,27+10
04,05,18,20,25,28+14
04,05,18,20,25,30+16
04,05,18,20,25,31+04
04,05,18,20,25,33+06
04,05,18,20,29,30+08
04,05,18,20,29,31+10
04,05,18,20,29,33+14
04,05,18,20,31,33+16
04,05,18,22,23,27+04
04,05,18,22,23,28+06
04,05,18,22,23,30+08
04,05,18,22,23,31+10
04,05,18,22,23,33+14
04,05,18,22,25,27+16
04,05,18,22,25,28+04
04,05,18,22,25,30+06
04,05,18,22,25,31+08
04,05,18,22,25,33+10
04,05,18,22,29,30+14
04,05,18,22,29,31+16
04,05,18,22,29,33+04
04,05,18,22,31,33+06
04,05,20,22,23,27+08
04,05,20,22,23,28+10
04,05,20,22,23,30+14
04,05,20,22,23,31+16
04,05,20,22,23,33+04
04,05,20,22,25,27+06
04,05,20,22,25,28+08
04,05,20,22,25,30+10
04,05,20,22,25,31+14
04,05,20,22,25,33+16
04,05,20,22,29,30+04
04,05,20,22,29,31+06
04,05,20,22,29,33+08
04,05,20,22,31,33+10
04,07,08,10,13,22+14
04,07,08,10,13,27+16
04,07,08,10,13,28+04
04,07,08,10,13,30+06
04,07,08,10,13,31+08
04,07,08,10,13,33+10
04,07,08,10,17,22+14
04,07,08,10,17,27+16
04,07,08,10,17,28+04
04,07,08,10,17,30+06
04,07,08,10,17,31+08
04,07,08,10,17,33+10
04,07,08,10,19,22+14
04,07,08,10,19,27+16
04,07,08,10,19,28+04
04,07,08,10,19,30+06
04,07,08,10,19,31+08
04,07,08,10,19,33+10
04,07,08,10,23,27+14
04,07,08,10,23,28+16
04,07,08,10,23,30+04
04,07,08,10,23,31+06
04,07,08,10,23,33+08
04,07,08,10,25,27+10
04,07,08,10,25,28+14
04,07,08,10,25,30+16
04,07,08,10,25,31+04
04,07,08,10,25,33+06
04,07,08,10,29,30+08
04,07,08,10,29,31+10
04,07,08,10,29,33+14
04,07,08,10,31,33+16
04,07,08,14,17,22+04
04,07,08,14,17,27+06
04,07,08,14,17,28+08
04,07,08,14,17,30+10
04,07,08,14,17,31+14
04,07,08,14,17,33+16
04,07,08,14,19,22+04
04,07,08,14,19,27+06
04,07,08,14,19,28+08
04,07,08,14,19,30+10
04,07,08,14,19,31+14
04,07,08,14,19,33+16
04,07,08,14,23,27+04
04,07,08,14,23,28+06
04,07,08,14,23,30+08
04,07,08,14,23,31+10
04,07,08,14,23,33+14
04,07,08,14,25,27+16
04,07,08,14,25,28+04
04,07,08,14,25,30+06
04,07,08,14,25,31+08
04,07,08,14,25,33+10
04,07,08,14,29,30+14
04,07,08,14,29,31+16
04,07,08,14,29,33+04
04,07,08,14,31,33+06
04,07,08,18,19,22+08
04,07,08,18,19,27+10
04,07,08,18,19,28+14
04,07,08,18,19,30+16
04,07,08,18,19,31+04
04,07,08,18,19,33+06
04,07,08,18,23,27+08
04,07,08,18,23,28+10
04,07,08,18,23,30+14
04,07,08,18,23,31+16
04,07,08,18,23,33+04
04,07,08,18,25,27+06
04,07,08,18,25,28+08
04,07,08,18,25,30+10
04,07,08,18,25,31+14
04,07,08,18,25,33+16
04,07,08,18,29,30+04
04,07,08,18,29,31+06
04,07,08,18,29,33+08
04,07,08,18,31,33+10
04,07,08,20,23,27+14
04,07,08,20,23,28+16
04,07,08,20,23,30+04
04,07,08,20,23,31+06
04,07,08,20,23,33+08
04,07,08,20,25,27+10
04,07,08,20,25,28+14
04,07,08,20,25,30+16
04,07,08,20,25,31+04
04,07,08,20,25,33+06
04,07,08,20,29,30+08
04,07,08,20,29,31+10
04,07,08,20,29,33+14
04,07,08,20,31,33+16
04,07,08,22,23,27+04
04,07,08,22,23,28+06
04,07,08,22,23,30+08
04,07,08,22,23,31+10
04,07,08,22,23,33+14
04,07,08,22,25,27+16
04,07,08,22,25,28+04
04,07,08,22,25,30+06
04,07,08,22,25,31+08
04,07,08,22,25,33+10
04,07,08,22,29,30+14
04,07,08,22,29,31+16
04,07,08,22,29,33+04
04,07,08,22,31,33+06
04,07,14,18,19,22+08
04,07,14,18,19,27+10
04,07,14,18,19,28+14
04,07,14,18,19,30+16
04,07,14,18,19,31+04
04,07,14,18,19,33+06
04,07,14,18,23,27+08
04,07,14,18,23,28+10
04,07,14,18,23,30+14
04,07,14,18,23,31+16
04,07,14,18,23,33+04
04,07,14,18,25,27+06
04,07,14,18,25,28+08
04,07,14,18,25,30+10
04,07,14,18,25,31+14
04,07,14,18,25,33+16
04,07,14,18,29,30+04
04,07,14,18,29,31+06
04,07,14,18,29,33+08
04,07,14,18,31,33+10
04,07,14,20,23,27+14
04,07,14,20,23,28+16
04,07,14,20,23,30+04
04,07,14,20,23,31+06
04,07,14,20,23,33+08
04,07,14,20,25,27+10
04,07,14,20,25,28+14
04,07,14,20,25,30+16
04,07,14,20,25,31+04
04,07,14,20,25,33+06
04,07,14,20,29,30+08
04,07,14,20,29,31+10
04,07,14,20,29,33+14
04,07,14,20,31,33+16
04,07,14,22,23,27+04
04,07,14,22,23,28+06
04,07,14,22,23,30+08
04,07,14,22,23,31+10
04,07,14,22,23,33+14
04,07,14,22,25,27+16
04,07,14,22,25,28+04
04,07,14,22,25,30+06
04,07,14,22,25,31+08
04,07,14,22,25,33+10
04,07,14,22,29,30+14
04,07,14,22,29,31+16
04,07,14,22,29,33+04
04,07,14,22,31,33+06
04,07,16,18,19,22+08
04,07,16,18,19,27+10
04,07,16,18,19,28+14
04,07,16,18,19,30+16
04,07,16,18,19,31+04
04,07,16,18,19,33+06
04,07,16,18,23,27+08
04,07,16,18,23,28+10
04,07,16,18,23,30+14
04,07,16,18,23,31+16
04,07,16,18,23,33+04
04,07,16,18,25,27+06
04,07,16,18,25,28+08
04,07,16,18,25,30+10
04,07,16,18,25,31+14
04,07,16,18,25,33+16
04,07,16,18,29,30+04
04,07,16,18,29,31+06
04,07,16,18,29,33+08
04,07,16,18,31,33+10
04,07,16,20,23,27+14
04,07,16,20,23,28+16
04,07,16,20,23,30+04
04,07,16,20,23,31+06
04,07,16,20,23,33+08
04,07,16,20,25,27+10
04,07,16,20,25,28+14
04,07,16,20,25,30+16
04,07,16,20,25,31+04
04,07,16,20,25,33+06
04,07,16,20,29,30+08
04,07,16,20,29,31+10
04,07,16,20,29,33+14
04,07,16,20,31,33+16
04,07,16,22,23,27+04
04,07,16,22,23,28+06
04,07,16,22,23,30+08
04,07,16,22,23,31+10
04,07,16,22,23,33+14
04,07,16,22,25,27+16
04,07,16,22,25,28+04
04,07,16,22,25,30+06
04,07,16,22,25,31+08
04,07,16,22,25,33+10
04,07,16,22,29,30+14
04,07,16,22,29,31+16
04,07,16,22,29,33+04
04,07,16,22,31,33+06
04,07,18,20,23,27+08
04,07,18,20,23,28+10
04,07,18,20,23,30+14
04,07,18,20,23,31+16
04,07,18,20,23,33+04
04,07,18,20,25,27+06
04,07,18,20,25,28+08
04,07,18,20,25,30+10
04,07,18,20,25,31+14
04,07,18,20,25,33+16
04,07,18,20,29,30+04
04,07,18,20,29,31+06
04,07,18,20,29,33+08
04,07,18,20,31,33+10
04,07,18,22,23,27+14
04,07,18,22,23,28+16
04,07,18,22,23,30+04
04,07,18,22,23,31+06
04,07,18,22,23,33+08
04,07,18,22,25,27+10
04,07,18,22,25,28+14
04,07,18,22,25,30+16
04,07,18,22,25,31+04
04,07,18,22,25,33+06
04,07,18,22,29,30+08
04,07,18,22,29,31+10
04,07,18,22,29,33+14
04,07,18,22,31,33+16
04,07,20,22,23,27+04
04,07,20,22,23,28+06
04,07,20,22,23,30+08
04,07,20,22,23,31+10
04,07,20,22,23,33+14
04,07,20,22,25,27+16
04,07,20,22,25,28+04
04,07,20,22,25,30+06
04,07,20,22,25,31+08
04,07,20,22,25,33+10
04,07,20,22,29,30+14
04,07,20,22,29,31+16
04,07,20,22,29,33+04
04,07,20,22,31,33+06
04,09,14,18,19,22+08
04,09,14,18,19,27+10
04,09,14,18,19,28+14
04,09,14,18,19,30+16
04,09,14,18,19,31+04
04,09,14,18,19,33+06
04,09,14,18,23,27+08
04,09,14,18,23,28+10
04,09,14,18,23,30+14
04,09,14,18,23,31+16
04,09,14,18,23,33+04
04,09,14,18,25,27+06
04,09,14,18,25,28+08
04,09,14,18,25,30+10
04,09,14,18,25,31+14
04,09,14,18,25,33+16
04,09,14,18,29,30+04
04,09,14,18,29,31+06
04,09,14,18,29,33+08
04,09,14,18,31,33+10
04,09,14,20,23,27+14
04,09,14,20,23,28+16
04,09,14,20,23,30+04
04,09,14,20,23,31+06
04,09,14,20,23,33+08
04,09,14,20,25,27+10
04,09,14,20,25,28+14
04,09,14,20,25,30+16
04,09,14,20,25,31+04
04,09,14,20,25,33+06
04,09,14,20,29,30+08
04,09,14,20,29,31+10
04,09,14,20,29,33+14
04,09,14,20,31,33+16
04,09,14,22,23,27+04
04,09,14,22,23,28+06
04,09,14,22,23,30+08
04,09,14,22,23,31+10
04,09,14,22,23,33+14
04,09,14,22,25,27+16
04,09,14,22,25,28+04
04,09,14,22,25,30+06
04,09,14,22,25,31+08
04,09,14,22,25,33+10
04,09,14,22,29,30+14
04,09,14,22,29,31+16
04,09,14,22,29,33+04
04,09,14,22,31,33+06
04,09,16,18,19,22+08
04,09,16,18,19,27+10
04,09,16,18,19,28+14
04,09,16,18,19,30+16
04,09,16,18,19,31+04
04,09,16,18,19,33+06
04,09,16,18,23,27+08
04,09,16,18,23,28+10
04,09,16,18,23,30+14
04,09,16,18,23,31+16
04,09,16,18,23,33+04
04,09,16,18,25,27+06
04,09,16,18,25,28+08
04,09,16,18,25,30+10
04,09,16,18,25,31+14
04,09,16,18,25,33+16
04,09,16,18,29,30+04
04,09,16,18,29,31+06
04,09,16,18,29,33+08
04,09,16,18,31,33+10
04,09,16,20,23,27+14
04,09,16,20,23,28+16
04,09,16,20,23,30+04
04,09,16,20,23,31+06
04,09,16,20,23,33+08
04,09,16,20,25,27+10
04,09,16,20,25,28+14
04,09,16,20,25,30+16
04,09,16,20,25,31+04
04,09,16,20,25,33+06
04,09,16,20,29,30+08
04,09,16,20,29,31+10
04,09,16,20,29,33+14
04,09,16,20,31,33+16
04,09,16,22,23,27+04
04,09,16,22,23,28+06
04,09,16,22,23,30+08
04,09,16,22,23,31+10
04,09,16,22,23,33+14
04,09,16,22,25,27+16
04,09,16,22,25,28+04
04,09,16,22,25,30+06
04,09,16,22,25,31+08
04,09,16,22,25,33+10
04,09,16,22,29,30+14
04,09,16,22,29,31+16
04,09,16,22,29,33+04
04,09,16,22,31,33+06
04,09,18,20,23,27+08
04,09,18,20,23,28+10
04,09,18,20,23,30+14
04,09,18,20,23,31+16
04,09,18,20,23,33+04
04,09,18,20,25,27+06
04,09,18,20,25,28+08
04,09,18,20,25,30+10
04,09,18,20,25,31+14
04,09,18,20,25,33+16
04,09,18,20,29,30+04
04,09,18,20,29,31+06
04,09,18,20,29,33+08
04,09,18,20,31,33+10
04,09,18,22,23,27+14
04,09,18,22,23,28+16
04,09,18,22,23,30+04
04,09,18,22,23,31+06
04,09,18,22,23,33+08
04,09,18,22,25,27+10
04,09,18,22,25,28+14
04,09,18,22,25,30+16
04,09,18,22,25,31+04
04,09,18,22,25,33+06
04,09,18,22,29,30+08
04,09,18,22,29,31+10
04,09,18,22,29,33+14
04,09,18,22,31,33+16
04,09,20,22,23,27+04
04,09,20,22,23,28+06
04,09,20,22,23,30+08
04,09,20,22,23,31+10
04,09,20,22,23,33+14
04,09,20,22,25,27+16
04,09,20,22,25,28+04
04,09,20,22,25,30+06
04,09,20,22,25,31+08
04,09,20,22,25,33+10
04,09,20,22,29,30+14
04,09,20,22,29,31+16
04,09,20,22,29,33+04
04,09,20,22,31,33+06
04,11,14,18,19,22+08
04,11,14,18,19,27+10
04,11,14,18,19,28+14
04,11,14,18,19,30+16
04,11,14,18,19,31+04
04,11,14,18,19,33+06
04,11,14,18,23,27+08
04,11,14,18,23,28+10
04,11,14,18,23,30+14
04,11,14,18,23,31+16
04,11,14,18,23,33+04
04,11,14,18,25,27+06
04,11,14,18,25,28+08
04,11,14,18,25,30+10
04,11,14,18,25,31+14
04,11,14,18,25,33+16
04,11,14,18,29,30+04
04,11,14,18,29,31+06
04,11,14,18,29,33+08
04,11,14,18,31,33+10
04,11,14,20,23,27+14
04,11,14,20,23,28+16
04,11,14,20,23,30+04
04,11,14,20,23,31+06
04,11,14,20,23,33+08
04,11,14,20,25,27+10
04,11,14,20,25,28+14
04,11,14,20,25,30+16
04,11,14,20,25,31+04
04,11,14,20,25,33+06
04,11,14,20,29,30+08
04,11,14,20,29,31+10
04,11,14,20,29,33+14
04,11,14,20,31,33+16
04,11,14,22,23,27+04
04,11,14,22,23,28+06
04,11,14,22,23,30+08
04,11,14,22,23,31+10
04,11,14,22,23,33+14
04,11,14,22,25,27+16
04,11,14,22,25,28+04
04,11,14,22,25,30+06
04,11,14,22,25,31+08
04,11,14,22,25,33+10
04,11,14,22,29,30+14
04,11,14,22,29,31+16
04,11,14,22,29,33+04
04,11,14,22,31,33+06
04,11,16,18,19,22+08
04,11,16,18,19,27+10
04,11,16,18,19,28+14
04,11,16,18,19,30+16
04,11,16,18,19,31+04
04,11,16,18,19,33+06
04,11,16,18,23,27+08
04,11,16,18,23,28+10
04,11,16,18,23,30+14
04,11,16,18,23,31+16
04,11,16,18,23,33+04
04,11,16,18,25,27+06
04,11,16,18,25,28+08
04,11,16,18,25,30+10
04,11,16,18,25,31+14
04,11,16,18,25,33+16
04,11,16,18,29,30+04
04,11,16,18,29,31+06
04,11,16,18,29,33+08
04,11,16,18,31,33+10
04,11,16,20,23,27+14
04,11,16,20,23,28+16
04,11,16,20,23,30+04
04,11,16,20,23,31+06
04,11,16,20,23,33+08
04,11,16,20,25,27+10
04,11,16,20,25,28+14
04,11,16,20,25,30+16
04,11,16,20,25,31+04
04,11,16,20,25,33+06
04,11,16,20,29,30+08
04,11,16,20,29,31+10
04,11,16,20,29,33+14
04,11,16,20,31,33+16
04,11,16,22,23,27+04
04,11,16,22,23,28+06
04,11,16,22,23,30+08
04,11,16,22,23,31+10
04,11,16,22,23,33+14
04,11,16,22,25,27+16
04,11,16,22,25,28+04
04,11,16,22,25,30+06
04,11,16,22,25,31+08
04,11,16,22,25,33+10
04,11,16,22,29,30+14
04,11,16,22,29,31+16
04,11,16,22,29,33+04
04,11,16,22,31,33+06
04,11,18,20,23,27+08
04,11,18,20,23,28+10
04,11,18,20,23,30+14
04,11,18,20,23,31+16
04,11,18,20,23,33+04
04,11,18,20,25,27+06
04,11,18,20,25,28+08
04,11,18,20,25,30+10
04,11,18,20,25,31+14
04,11,18,20,25,33+16
04,11,18,20,29,30+04
04,11,18,20,29,31+06
04,11,18,20,29,33+08
04,11,18,20,31,33+10
04,11,18,22,23,27+14
04,11,18,22,23,28+16
04,11,18,22,23,30+04
04,11,18,22,23,31+06
04,11,18,22,23,33+08
04,11,18,22,25,27+10
04,11,18,22,25,28+14
04,11,18,22,25,30+16
04,11,18,22,25,31+04
04,11,18,22,25,33+06
04,11,18,22,29,30+08
04,11,18,22,29,31+10
04,11,18,22,29,33+14
04,11,18,22,31,33+16
04,11,20,22,23,27+04
04,11,20,22,23,28+06
04,11,20,22,23,30+08
04,11,20,22,23,31+10
04,11,20,22,23,33+14
04,11,20,22,25,27+16
04,11,20,22,25,28+04
04,11,20,22,25,30+06
04,11,20,22,25,31+08
04,11,20,22,25,33+10
04,11,20,22,29,30+14
04,11,20,22,29,31+16
04,11,20,22,29,33+04
04,11,20,22,31,33+06
04,19,20,22,23,27+08
04,19,20,22,23,28+10
04,19,20,22,23,30+14
04,19,20,22,23,31+16
04,19,20,22,23,33+04
04,19,20,22,25,27+06
04,19,20,22,25,28+08
04,19,20,22,25,30+10
04,19,20,22,25,31+14
04,19,20,22,25,33+16
04,19,20,22,29,30+04
04,19,20,22,29,31+06
04,19,20,22,29,33+08
04,19,20,22,31,33+10
05,07,08,10,13,22+14
05,07,08,10,13,27+16
05,07,08,10,13,28+04
05,07,08,10,13,30+06
05,07,08,10,13,31+08
05,07,08,10,13,33+10
05,07,08,10,17,22+14
05,07,08,10,17,27+16
05,07,08,10,17,28+04
05,07,08,10,17,30+06
05,07,08,10,17,31+08
05,07,08,10,17,33+10
05,07,08,10,19,22+14
05,07,08,10,19,27+16
05,07,08,10,19,28+04
05,07,08,10,19,30+06
05,07,08,10,19,31+08
05,07,08,10,19,33+10
05,07,08,10,23,27+14
05,07,08,10,23,28+16
05,07,08,10,23,30+04
05,07,08,10,23,31+06
05,07,08,10,23,33+08
05,07,08,10,25,27+10
05,07,08,10,25,28+14
05,07,08,10,25,30+16
05,07,08,10,25,31+04
05,07,08,10,25,33+06
05,07,08,10,29,30+08
05,07,08,10,29,31+10
05,07,08,10,29,33+14
05,07,08,10,31,33+16
05,07,08,14,17,22+04
05,07,08,14,17,27+06
05,07,08,14,17,28+08
05,07,08,14,17,30+10
05,07,08,14,17,31+14
05,07,08,14,17,33+16
05,07,08,14,19,22+04
05,07,08,14,19,27+06
05,07,08,14,19,28+08
05,07,08,14,19,30+10
05,07,08,14,19,31+14
05,07,08,14,19,33+16
05,07,08,14,23,27+04
05,07,08,14,23,28+06
05,07,08,14,23,30+08
05,07,08,14,23,31+10
05,07,08,14,23,33+14
05,07,08,14,25,27+16
05,07,08,14,25,28+04
05,07,08,14,25,30+06
05,07,08,14,25,31+08
05,07,08,14,25,33+10
05,07,08,14,29,30+14
05,07,08,14,29,31+16
05,07,08,14,29,33+04
05,07,08,14,31,33+06
05,07,08,18,19,22+08
05,07,08,18,19,27+10
05,07,08,18,19,28+14
05,07,08,18,19,30+16
05,07,08,18,19,31+04
05,07,08,18,19,33+06
05,07,08,18,23,27+08
05,07,08,18,23,28+10
05,07,08,18,23,30+14
05,07,08,18,23,31+16
05,07,08,18,23,33+04
05,07,08,18,25,27+06
05,07,08,18,25,28+08
05,07,08,18,25,30+10
05,07,08,18,25,31+14
05,07,08,18,25,33+16
05,07,08,18,29,30+04
05,07,08,18,29,31+06
05,07,08,18,29,33+08
05,07,08,18,31,33+10
05,07,08,20,23,27+14
05,07,08,20,23,28+16
05,07,08,20,23,30+04
05,07,08,20,23,31+06
05,07,08,20,23,33+08
05,07,08,20,25,27+10
05,07,08,20,25,28+14
05,07,08,20,25,30+16
05,07,08,20,25,31+04
05,07,08,20,25,33+06
05,07,08,20,29,30+08
05,07,08,20,29,31+10
05,07,08,20,29,33+14
05,07,08,20,31,33+16
05,07,08,22,23,27+04
05,07,08,22,23,28+06
05,07,08,22,23,30+08
05,07,08,22,23,31+10
05,07,08,22,23,33+14
05,07,08,22,25,27+16
05,07,08,22,25,28+04
05,07,08,22,25,30+06
05,07,08,22,25,31+08
05,07,08,22,25,33+10
05,07,08,22,29,30+14
05,07,08,22,29,31+16
05,07,08,22,29,33+04
05,07,08,22,31,33+06
05,07,14,18,19,22+08
05,07,14,18,19,27+10
05,07,14,18,19,28+14
05,07,14,18,19,30+16
05,07,14,18,19,31+04
05,07,14,18,19,33+06
05,07,14,18,23,27+08
05,07,14,18,23,28+10
05,07,14,18,23,30+14
05,07,14,18,23,31+16
05,07,14,18,23,33+04
05,07,14,18,25,27+06
05,07,14,18,25,28+08
05,07,14,18,25,30+10
05,07,14,18,25,31+14
05,07,14,18,25,33+16
05,07,14,18,29,30+04
05,07,14,18,29,31+06
05,07,14,18,29,33+08
05,07,14,18,31,33+10
05,07,14,20,23,27+14
05,07,14,20,23,28+16
05,07,14,20,23,30+04
05,07,14,20,23,31+06
05,07,14,20,23,33+08
05,07,14,20,25,27+10
05,07,14,20,25,28+14
05,07,14,20,25,30+16
05,07,14,20,25,31+04
05,07,14,20,25,33+06
05,07,14,20,29,30+08
05,07,14,20,29,31+10
05,07,14,20,29,33+14
05,07,14,20,31,33+16
05,07,14,22,23,27+04
05,07,14,22,23,28+06
05,07,14,22,23,30+08
05,07,14,22,23,31+10
05,07,14,22,23,33+14
05,07,14,22,25,27+16
05,07,14,22,25,28+04
05,07,14,22,25,30+06
05,07,14,22,25,31+08
05,07,14,22,25,33+10
05,07,14,22,29,30+14
05,07,14,22,29,31+16
05,07,14,22,29,33+04
05,07,14,22,31,33+06
05,07,16,18,19,22+08
05,07,16,18,19,27+10
05,07,16,18,19,28+14
05,07,16,18,19,30+16
05,07,16,18,19,31+04
05,07,16,18,19,33+06
05,07,16,18,23,27+08
05,07,16,18,23,28+10
05,07,16,18,23,30+14
05,07,16,18,23,31+16
05,07,16,18,23,33+04
05,07,16,18,25,27+06
05,07,16,18,25,28+08
05,07,16,18,25,30+10
05,07,16,18,25,31+14
05,07,16,18,25,33+16
05,07,16,18,29,30+04
05,07,16,18,29,31+06
05,07,16,18,29,33+08
05,07,16,18,31,33+10
05,07,16,20,23,27+14
05,07,16,20,23,28+16
05,07,16,20,23,30+04
05,07,16,20,23,31+06
05,07,16,20,23,33+08
05,07,16,20,25,27+10
05,07,16,20,25,28+14
05,07,16,20,25,30+16
05,07,16,20,25,31+04
05,07,16,20,25,33+06
05,07,16,20,29,30+08
05,07,16,20,29,31+10
05,07,16,20,29,33+14
05,07,16,20,31,33+16
05,07,16,22,23,27+04
05,07,16,22,23,28+06
05,07,16,22,23,30+08
05,07,16,22,23,31+10
05,07,16,22,23,33+14
05,07,16,22,25,27+16
05,07,16,22,25,28+04
05,07,16,22,25,30+06
05,07,16,22,25,31+08
05,07,16,22,25,33+10
05,07,16,22,29,30+14
05,07,16,22,29,31+16
05,07,16,22,29,33+04
05,07,16,22,31,33+06
05,07,18,20,23,27+08
05,07,18,20,23,28+10
05,07,18,20,23,30+14
05,07,18,20,23,31+16
05,07,18,20,23,33+04
05,07,18,20,25,27+06
05,07,18,20,25,28+08
05,07,18,20,25,30+10
05,07,18,20,25,31+14
05,07,18,20,25,33+16
05,07,18,20,29,30+04
05,07,18,20,29,31+06
05,07,18,20,29,33+08
05,07,18,20,31,33+10
05,07,18,22,23,27+14
05,07,18,22,23,28+16
05,07,18,22,23,30+04
05,07,18,22,23,31+06
05,07,18,22,23,33+08
05,07,18,22,25,27+10
05,07,18,22,25,28+14
05,07,18,22,25,30+16
05,07,18,22,25,31+04
05,07,18,22,25,33+06
05,07,18,22,29,30+08
05,07,18,22,29,31+10
05,07,18,22,29,33+14
05,07,18,22,31,33+16
05,07,20,22,23,27+04
05,07,20,22,23,28+06
05,07,20,22,23,30+08
05,07,20,22,23,31+10
05,07,20,22,23,33+14
05,07,20,22,25,27+16
05,07,20,22,25,28+04
05,07,20,22,25,30+06
05,07,20,22,25,31+08
05,07,20,22,25,33+10
05,07,20,22,29,30+14
05,07,20,22,29,31+16
05,07,20,22,29,33+04
05,07,20,22,31,33+06
05,09,14,18,19,22+08
05,09,14,18,19,27+10
05,09,14,18,19,28+14
05,09,14,18,19,30+16
05,09,14,18,19,31+04
05,09,14,18,19,33+06
05,09,14,18,23,27+08
05,09,14,18,23,28+10
05,09,14,18,23,30+14
05,09,14,18,23,31+16
05,09,14,18,23,33+04
05,09,14,18,25,27+06
05,09,14,18,25,28+08
05,09,14,18,25,30+10
05,09,14,18,25,31+14
05,09,14,18,25,33+16
05,09,14,18,29,30+04
05,09,14,18,29,31+06
05,09,14,18,29,33+08
05,09,14,18,31,33+10
05,09,14,20,23,27+14
05,09,14,20,23,28+16
05,09,14,20,23,30+04
05,09,14,20,23,31+06
05,09,14,20,23,33+08
05,09,14,20,25,27+10
05,09,14,20,25,28+14
05,09,14,20,25,30+16
05,09,14,20,25,31+04
05,09,14,20,25,33+06
05,09,14,20,29,30+08
05,09,14,20,29,31+10
05,09,14,20,29,33+14
05,09,14,20,31,33+16
05,09,14,22,23,27+04
05,09,14,22,23,28+06
05,09,14,22,23,30+08
05,09,14,22,23,31+10
05,09,14,22,23,33+14
05,09,14,22,25,27+16
05,09,14,22,25,28+04
05,09,14,22,25,30+06
05,09,14,22,25,31+08
05,09,14,22,25,33+10
05,09,14,22,29,30+14
05,09,14,22,29,31+16
05,09,14,22,29,33+04
05,09,14,22,31,33+06
05,09,16,18,19,22+08
05,09,16,18,19,27+10
05,09,16,18,19,28+14
05,09,16,18,19,30+16
05,09,16,18,19,31+04
05,09,16,18,19,33+06
05,09,16,18,23,27+08
05,09,16,18,23,28+10
05,09,16,18,23,30+14
05,09,16,18,23,31+16
05,09,16,18,23,33+04
05,09,16,18,25,27+06
05,09,16,18,25,28+08
05,09,16,18,25,30+10
05,09,16,18,25,31+14
05,09,16,18,25,33+16
05,09,16,18,29,30+04
05,09,16,18,29,31+06
05,09,16,18,29,33+08
05,09,16,18,31,33+10
05,09,16,20,23,27+14
05,09,16,20,23,28+16
05,09,16,20,23,30+04
05,09,16,20,23,31+06
05,09,16,20,23,33+08
05,09,16,20,25,27+10
05,09,16,20,25,28+14
05,09,16,20,25,30+16
05,09,16,20,25,31+04
05,09,16,20,25,33+06
05,09,16,20,29,30+08
05,09,16,20,29,31+10
05,09,16,20,29,33+14
05,09,16,20,31,33+16
05,09,16,22,23,27+04
05,09,16,22,23,28+06
05,09,16,22,23,30+08
05,09,16,22,23,31+10
05,09,16,22,23,33+14
05,09,16,22,25,27+16
05,09,16,22,25,28+04
05,09,16,22,25,30+06
05,09,16,22,25,31+08
05,09,16,22,25,33+10
05,09,16,22,29,30+14
05,09,16,22,29,31+16
05,09,16,22,29,33+04
05,09,16,22,31,33+06
05,09,18,20,23,27+08
05,09,18,20,23,28+10
05,09,18,20,23,30+14
05,09,18,20,23,31+16
05,09,18,20,23,33+04
05,09,18,20,25,27+06
05,09,18,20,25,28+08
05,09,18,20,25,30+10
05,09,18,20,25,31+14
05,09,18,20,25,33+16
05,09,18,20,29,30+04
05,09,18,20,29,31+06
05,09,18,20,29,33+08
05,09,18,20,31,33+10
05,09,18,22,23,27+14
05,09,18,22,23,28+16
05,09,18,22,23,30+04
05,09,18,22,23,31+06
05,09,18,22,23,33+08
05,09,18,22,25,27+10
05,09,18,22,25,28+14
05,09,18,22,25,30+16
05,09,18,22,25,31+04
05,09,18,22,25,33+06
05,09,18,22,29,30+08
05,09,18,22,29,31+10
05,09,18,22,29,33+14
05,09,18,22,31,33+16
05,09,20,22,23,27+04
05,09,20,22,23,28+06
05,09,20,22,23,30+08
05,09,20,22,23,31+10
05,09,20,22,23,33+14
05,09,20,22,25,27+16
05,09,20,22,25,28+04
05,09,20,22,25,30+06
05,09,20,22,25,31+08
05,09,20,22,25,33+10
05,09,20,22,29,30+14
05,09,20,22,29,31+16
05,09,20,22,29,33+04
05,09,20,22,31,33+06
05,11,14,18,19,22+08
05,11,14,18,19,27+10
05,11,14,18,19,28+14
05,11,14,18,19,30+16
05,11,14,18,19,31+04
05,11,14,18,19,33+06
05,11,14,18,23,27+08
05,11,14,18,23,28+10
05,11,14,18,23,30+14
05,11,14,18,23,31+16
05,11,14,18,23,33+04
05,11,14,18,25,27+06
05,11,14,18,25,28+08
05,11,14,18,25,30+10
05,11,14,18,25,31+14
05,11,14,18,25,33+16
05,11,14,18,29,30+04
05,11,14,18,29,31+06
05,11,14,18,29,33+08
05,11,14,18,31,33+10
05,11,14,20,23,27+14
05,11,14,20,23,28+16
05,11,14,20,23,30+04
05,11,14,20,23,31+06
05,11,14,20,23,33+08
05,11,14,20,25,27+10
05,11,14,20,25,28+14
05,11,14,20,25,30+16
05,11,14,20,25,31+04
05,11,14,20,25,33+06
05,11,14,20,29,30+08
05,11,14,20,29,31+10
05,11,14,20,29,33+14
05,11,14,20,31,33+16
05,11,14,22,23,27+04
05,11,14,22,23,28+06
05,11,14,22,23,30+08
05,11,14,22,23,31+10
05,11,14,22,23,33+14
05,11,14,22,25,27+16
05,11,14,22,25,28+04
05,11,14,22,25,30+06
05,11,14,22,25,31+08
05,11,14,22,25,33+10
05,11,14,22,29,30+14
05,11,14,22,29,31+16
05,11,14,22,29,33+04
05,11,14,22,31,33+06
05,11,16,18,19,22+08
05,11,16,18,19,27+10
05,11,16,18,19,28+14
05,11,16,18,19,30+16
05,11,16,18,19,31+04
05,11,16,18,19,33+06
05,11,16,18,23,27+08
05,11,16,18,23,28+10
05,11,16,18,23,30+14
05,11,16,18,23,31+16
05,11,16,18,23,33+04
05,11,16,18,25,27+06
05,11,16,18,25,28+08
05,11,16,18,25,30+10
05,11,16,18,25,31+14
05,11,16,18,25,33+16
05,11,16,18,29,30+04
05,11,16,18,29,31+06
05,11,16,18,29,33+08
05,11,16,18,31,33+10
05,11,16,20,23,27+14
05,11,16,20,23,28+16
05,11,16,20,23,30+04
05,11,16,20,23,31+06
05,11,16,20,23,33+08
05,11,16,20,25,27+10
05,11,16,20,25,28+14
05,11,16,20,25,30+16
05,11,16,20,25,31+04
05,11,16,20,25,33+06
05,11,16,20,29,30+08
05,11,16,20,29,31+10
05,11,16,20,29,33+14
05,11,16,20,31,33+16
05,11,16,22,23,27+04
05,11,16,22,23,28+06
05,11,16,22,23,30+08
05,11,16,22,23,31+10
05,11,16,22,23,33+14
05,11,16,22,25,27+16
05,11,16,22,25,28+04
05,11,16,22,25,30+06
05,11,16,22,25,31+08
05,11,16,22,25,33+10
05,11,16,22,29,30+14
05,11,16,22,29,31+16
05,11,16,22,29,33+04
05,11,16,22,31,33+06
05,11,18,20,23,27+08
05,11,18,20,23,28+10
05,11,18,20,23,30+14
05,11,18,20,23,31+16
05,11,18,20,23,33+04
05,11,18,20,25,27+06
05,11,18,20,25,28+08
05,11,18,20,25,30+10
05,11,18,20,25,31+14
05,11,18,20,25,33+16
05,11,18,20,29,30+04
05,11,18,20,29,31+06
05,11,18,20,29,33+08
05,11,18,20,31,33+10
05,11,18,22,23,27+14
05,11,18,22,23,28+16
05,11,18,22,23,30+04
05,11,18,22,23,31+06
05,11,18,22,23,33+08
05,11,18,22,25,27+10
05,11,18,22,25,28+14
05,11,18,22,25,30+16
05,11,18,22,25,31+04
05,11,18,22,25,33+06
05,11,18,22,29,30+08
05,11,18,22,29,31+10
05,11,18,22,29,33+14
05,11,18,22,31,33+16
05,11,20,22,23,27+04
05,11,20,22,23,28+06
05,11,20,22,23,30+08
05,11,20,22,23,31+10
05,11,20,22,23,33+14
05,11,20,22,25,27+16
05,11,20,22,25,28+04
05,11,20,22,25,30+06
05,11,20,22,25,31+08
05,11,20,22,25,33+10
05,11,20,22,29,30+14
05,11,20,22,29,31+16
05,11,20,22,29,33+04
05,11,20,22,31,33+06
05,19,20,22,23,27+08
05,19,20,22,23,28+10
05,19,20,22,23,30+14
05,19,20,22,23,31+16
05,19,20,22,23,33+04
05,19,20,22,25,27+06
05,19,20,22,25,28+08
05,19,20,22,25,30+10
05,19,20,22,25,31+14
05,19,20,22,25,33+16
05,19,20,22,29,30+04
05,19,20,22,29,31+06
05,19,20,22,29,33+08
05,19,20,22,31,33+10
