01,03,10,15,18,24+02
01,03,10,15,18,25+06
01,03,10,15,18,26+08
01,03,10,15,18,29+14
01,03,10,15,19,24+02
01,03,10,15,19,26+06
01,03,10,15,22,25+08
01,03,10,15,22,26+14
01,03,10,15,22,29+02
01,03,10,15,24,25+06
01,03,10,15,24,26+08
01,03,10,15,24,29+14
01,03,10,15,25,26+02
01,03,10,16,18,24+06
01,03,10,16,18,25+08
01,03,10,16,18,26+14
01,03,10,16,18,29+02
01,03,10,16,19,24+06
01,03,10,16,19,25+08
01,03,10,16,19,26+14
01,03,10,16,22,24+02
01,03,10,16,22,25+06
01,03,10,16,22,26+08
01,03,10,16,22,29+14
01,03,10,16,24,25+02
01,03,10,16,24,26+06
01,03,10,16,24,29+08
01,03,10,16,25,26+14
01,03,10,16,25,29+02
01,03,10,21,22,29+06
01,03,10,21,24,29+08
01,03,10,21,25,26+14
01,03,10,22,24,26+02
01,03,10,22,24,29+06
01,03,10,22,25,26+08
01,03,10,22,25,29+14
01,03,10,24,25,29+02
01,03,12,15,18,24+06
01,03,12,15,18,25+08
01,03,12,15,18,26+14
01,03,12,15,18,29+02
01,03,12,15,19,24+06
01,03,12,15,19,26+08
01,03,12,15,22,24+14
01,03,12,15,22,25+02
01,03,12,15,22,26+06
01,03,12,15,22,29+08
01,03,12,15,24,25+14
01,03,12,15,24,26+02
01,03,12,15,24,29+06
01,03,12,15,25,26+08
01,03,12,16,18,24+14
01,03,12,16,18,25+02
01,03,12,16,18,26+06
01,03,12,16,18,29+08
01,03,12,16,19,24+14
01,03,12,16,19,25+02
01,03,12,16,19,26+06
01,03,12,16,22,24+08
01,03,12,16,22,25+14
01,03,12,16,22,26+02
01,03,12,16,22,29+06
01,03,12,16,24,25+08
01,03,12,16,24,26+14
01,03,12,16,24,29+02
01,03,12,16,25,26+06
01,03,12,16,25,29+08
01,03,12,21,22,29+14
01,03,12,21,24,25+02
01,03,12,21,24,26+06
01,03,12,21,24,29+08
01,03,12,21,25,26+14
01,03,12,22,24,25+02
01,03,12,22,24,26+06
01,03,12,22,24,29+08
01,03,12,22,25,26+14
01,03,12,22,25,29+02
01,03,12,24,25,29+06
01,03,13,15,18,24+08
01,03,13,15,18,26+14
01,03,13,15,22,24+02
01,03,13,15,22,26+06
01,03,13,15,24,26+08
01,03,13,16,18,24+14
01,03,13,16,18,25+02
01,03,13,16,18,26+06
01,03,13,16,22,24+08
01,03,13,16,22,25+14
01,03,13,16,22,26+02
01,03,13,16,24,25+06
01,03,13,16,24,26+08
01,03,13,16,25,26+14
01,03,13,21,22,26+02
01,03,13,21,24,26+06
01,03,13,22,24,25+08
01,03,13,22,24,26+14
01,03,13,22,25,26+02
01,03,14,15,18,24+06
01,03,14,15,18,25+08
01,03,14,15,18,26+14
01,03,14,15,18,29+02
01,03,14,15,19,24+06
01,03,14,15,19,26+08
01,03,14,15,22,24+14
01,03,14,15,22,25+02
01,03,14,15,22,26+06
01,03,14,15,22,29+08
01,03,14,15,24,26+14
01,03,14,15,24,29+02
01,03,14,16,18,24+06
01,03,14,16,18,25+08
01,03,14,16,18,26+14
01,03,14,16,18,29+02
01,03,14,16,19,24+06
01,03,14,16,19,25+08
01,03,14,16,19,26+14
01,03,14,16,22,24+02
01,03,14,16,22,25+06
01,03,14,16,22,26+08
01,03,14,16,22,29+14
01,03,14,16,24,25+02
01,03,14,16,24,26+06
01,03,14,16,24,29+08
01,03,14,16,25,26+14
01,03,14,16,25,29+02
01,03,14,21,22,25+06
01,03,14,21,22,26+08
01,03,14,21,22,29+14
01,03,14,21,24,25+02
01,03,14,21,24,26+06
01,03,14,21,24,29+08
01,03,14,21,25,26+14
01,03,14,22,24,25+02
01,03,14,22,24,26+06
01,03,14,22,24,29+08
01,03,14,22,25,26+14
01,03,14,22,25,29+02
01,03,14,24,25,29+06
01,03,15,16,18,24+08
01,03,15,16,18,25+14
01,03,15,16,18,26+02
01,03,15,16,18,29+06
01,03,15,16,19,24+08
01,03,15,16,19,26+14
01,03,15,16,22,24+02
01,03,15,16,22,25+06
01,03,15,16,22,26+08
01,03,15,16,22,29+14
01,03,15,16,24,26+02
01,03,15,16,24,29+06
01,03,15,21,22,24+08
01,03,15,21,22,26+14
01,03,15,21,24,26+02
01,03,15,22,24,25+06
01,03,15,22,24,26+08
01,03,15,22,24,29+14
01,03,15,22,25,26+02
01,03,16,21,22,24+06
01,03,16,21,22,25+08
01,03,16,21,22,26+14
01,03,16,21,22,29+02
01,03,16,21,24,25+06
01,03,16,21,24,26+08
01,03,16,21,24,29+14
01,03,16,21,25,26+02
01,03,16,22,24,25+06
01,03,16,22,24,26+08
01,03,16,22,24,29+14
01,03,16,22,25,26+02
01,03,16,22,25,29+06
01,03,16,24,25,29+08
01,03,20,21,24,29+14
01,03,20,22,24,26+02
01,03,20,22,24,29+06
01,03,20,22,25,26+08
01,03,20,22,25,29+14
01,03,20,24,25,29+02
01,03,22,24,25,29+06
01,04,10,15,18,24+08
01,04,10,15,18,25+14
01,04,10,15,18,26+02
01,04,10,15,18,29+06
01,04,10,15,19,24+08
01,04,10,15,19,25+14
01,04,10,15,19,26+02
01,04,10,15,19,29+06
01,04,10,15,22,24+08
01,04,10,15,22,25+14
01,04,10,15,22,26+02
01,04,10,15,22,29+06
01,04,10,15,24,25+08
01,04,10,15,24,26+14
01,04,10,15,24,29+02
01,04,10,15,25,26+06
01,04,10,15,25,29+08
01,04,10,16,18,25+14
01,04,10,16,18,29+02
01,04,10,16,19,24+06
01,04,10,16,19,25+08
01,04,10,16,19,26+14
01,04,10,16,19,29+02
01,04,10,16,22,25+06
01,04,10,16,22,29+08
01,04,10,16,24,25+14
01,04,10,16,24,29+02
01,04,10,16,25,26+06
01,04,10,16,25,29+08
01,04,10,21,22,29+14
01,04,10,21,24,26+02
01,04,10,21,24,29+06
01,04,10,21,25,26+08
01,04,10,21,25,29+14
01,04,10,22,24,25+02
01,04,10,22,24,29+06
01,04,10,22,25,26+08
01,04,10,22,25,29+14
01,04,10,24,25,29+02
01,04,12,15,18,24+06
01,04,12,15,18,25+08
01,04,12,15,18,26+14
01,04,12,15,18,29+02
01,04,12,15,19,24+06
01,04,12,15,19,25+08
01,04,12,15,19,26+14
01,04,12,15,19,29+02
01,04,12,15,22,24+06
01,04,12,15,22,25+08
01,04,12,15,22,26+14
01,04,12,15,22,29+02
01,04,12,15,24,25+06
01,04,12,15,24,26+08
01,04,12,15,24,29+14
01,04,12,15,25,26+02
01,04,12,15,25,29+06
01,04,12,16,18,25+08
01,04,12,16,18,29+14
01,04,12,16,19,24+02
01,04,12,16,19,25+06
01,04,12,16,19,26+08
01,04,12,16,19,29+14
01,04,12,16,22,25+02
01,04,12,16,22,29+06
01,04,12,16,24,25+08
01,04,12,16,24,29+14
01,04,12,16,25,26+02
01,04,12,16,25,29+06
01,04,12,21,22,26+08
01,04,12,21,22,29+14
01,04,12,21,24,25+02
01,04,12,21,24,26+06
01,04,12,21,24,29+08
01,04,12,21,25,26+14
01,04,12,21,25,29+02
01,04,12,22,24,25+06
01,04,12,22,24,29+08
01,04,12,22,25,26+14
01,04,12,22,25,29+02
01,04,12,24,25,29+06
01,04,13,15,18,24+08
01,04,13,15,18,25+14
01,04,13,15,18,26+02
01,04,13,15,18,29+06
01,04,13,15,19,24+08
01,04,13,15,19,26+14
01,04,13,15,22,24+02
01,04,13,15,22,25+06
01,04,13,15,22,26+08
01,04,13,15,22,29+14
01,04,13,15,24,25+02
01,04,13,15,24,26+06
01,04,13,15,24,29+08
01,04,13,15,25,26+14
01,04,13,16,18,24+02
01,04,13,16,18,25+06
01,04,13,16,18,26+08
01,04,13,16,18,29+14
01,04,13,16,19,24+02
01,04,13,16,19,25+06
01,04,13,16,19,26+08
01,04,13,16,22,24+14
01,04,13,16,22,25+02
01,04,13,16,22,26+06
01,04,13,16,22,29+08
01,04,13,16,24,25+14
01,04,13,16,24,26+02
01,04,13,16,24,29+06
01,04,13,16,25,26+08
01,04,13,16,25,29+14
01,04,13,21,22,25+02
01,04,13,21,22,26+06
01,04,13,21,22,29+08
01,04,13,21,24,25+14
01,04,13,21,24,26+02
01,04,13,21,24,29+06
01,04,13,21,25,26+08
01,04,13,22,24,25+14
01,04,13,22,24,26+02
01,04,13,22,24,29+06
01,04,13,22,25,26+08
01,04,13,22,25,29+14
01,04,13,24,25,29+02
01,04,14,15,18,24+06
01,04,14,15,18,25+08
01,04,14,15,18,26+14
01,04,14,15,18,29+02
01,04,14,15,19,24+06
01,04,14,15,19,25+08
01,04,14,15,19,26+14
01,04,14,15,19,29+02
01,04,14,15,22,24+06
01,04,14,15,22,25+08
01,04,14,15,22,26+14
01,04,14,15,22,29+02
01,04,14,15,24,26+06
01,04,14,15,24,29+08
01,04,14,15,25,29+14
01,04,14,16,18,25+02
01,04,14,16,18,29+06
01,04,14,16,19,24+08
01,04,14,16,19,25+14
01,04,14,16,19,26+02
01,04,14,16,19,29+06
01,04,14,16,22,25+08
01,04,14,16,22,29+14
01,04,14,16,24,25+02
01,04,14,16,24,29+06
01,04,14,16,25,26+08
01,04,14,16,25,29+14
01,04,14,21,22,25+02
01,04,14,21,22,26+06
01,04,14,21,22,29+08
01,04,14,21,25,26+14
01,04,14,21,25,29+02
01,04,14,22,24,25+06
01,04,14,22,24,29+08
01,04,14,22,25,26+14
01,04,14,22,25,29+02
01,04,14,24,25,29+06
01,04,15,16,18,24+08
01,04,15,16,18,25+14
01,04,15,16,18,26+02
01,04,15,16,18,29+06
01,04,15,16,19,24+08
01,04,15,16,19,25+14
01,04,15,16,19,26+02
01,04,15,16,19,29+06
01,04,15,16,22,24+08
01,04,15,16,22,25+14
01,04,15,16,22,26+02
01,04,15,16,22,29+06
01,04,15,16,24,26+08
01,04,15,16,24,29+14
01,04,15,16,25,29+02
01,04,15,21,22,24+06
01,04,15,21,22,25+08
01,04,15,21,22,26+14
01,04,15,21,22,29+02
01,04,15,21,24,26+06
01,04,15,21,24,29+08
01,04,15,21,25,26+14
01,04,15,22,24,25+02
01,04,15,22,24,26+06
01,04,15,22,24,29+08
01,04,15,22,25,26+14
01,04,15,22,25,29+02
01,04,15,24,25,29+06
01,04,16,21,22,24+08
01,04,16,21,22,25+14
01,04,16,21,22,26+02
01,04,16,21,22,29+06
01,04,16,21,24,25+08
01,04,16,21,24,29+14
01,04,16,21,25,26+02
01,04,16,21,25,29+06
01,04,16,22,24,25+08
01,04,16,22,24,29+14
01,04,16,22,25,26+02
01,04,16,22,25,29+06
01,04,16,24,25,29+08
01,04,20,21,24,26+14
01,04,20,21,24,29+02
01,04,20,21,25,29+06
01,04,20,22,24,25+08
01,04,20,22,24,29+14
01,04,20,22,25,26+02
01,04,20,22,25,29+06
01,04,20,24,25,29+08
01,04,22,24,25,29+14
01,12,13,15,18,24+02
01,12,13,15,18,25+06
01,12,13,15,18,26+08
01,12,13,15,18,29+14
01,12,13,15,19,24+02
01,12,13,15,19,26+06
01,12,13,15,22,24+08
01,12,13,15,22,25+14
01,12,13,15,22,26+02
01,12,13,15,22,29+06
01,12,13,15,24,26+08
01,12,13,15,24,29+14
01,12,13,16,18,24+02
01,12,13,16,18,25+06
01,12,13,16,18,26+08
01,12,13,16,18,29+14
01,12,13,16,19,24+02
01,12,13,16,19,25+06
01,12,13,16,19,26+08
01,12,13,16,22,24+14
01,12,13,16,22,25+02
01,12,13,16,22,26+06
01,12,13,16,22,29+08
01,12,13,16,24,26+14
01,12,13,16,24,29+02
01,12,13,16,25,29+06
01,12,13,21,24,26+08
01,12,13,21,24,29+14
01,12,13,22,24,26+02
01,12,13,22,24,29+06
01,12,13,22,25,29+08
01,12,14,15,18,24+14
01,12,14,15,18,25+02
01,12,14,15,18,26+06
01,12,14,15,18,29+08
01,12,14,15,19,24+14
01,12,14,15,19,25+02
01,12,14,15,19,26+06
01,12,14,15,19,29+08
01,12,14,15,22,24+14
01,12,14,15,22,25+02
01,12,14,15,22,26+06
01,12,14,15,22,29+08
01,12,14,15,24,26+14
01,12,14,15,24,29+02
01,12,14,15,25,29+06
01,12,14,16,18,25+08
01,12,14,16,18,29+14
01,12,14,16,19,24+02
01,12,14,16,19,25+06
01,12,14,16,19,26+08
01,12,14,16,19,29+14
01,12,14,16,22,25+02
01,12,14,16,22,29+06
01,12,14,16,24,25+08
01,12,14,16,24,29+14
01,12,14,16,25,26+02
01,12,14,16,25,29+06
01,12,14,21,22,26+08
01,12,14,21,22,29+14
01,12,14,21,24,25+02
01,12,14,21,24,26+06
01,12,14,21,24,29+08
01,12,14,21,25,26+14
01,12,14,21,25,29+02
01,12,14,22,24,25+06
01,12,14,22,24,29+08
01,12,14,22,25,26+14
01,12,14,22,25,29+02
01,12,14,24,25,29+06
01,12,15,16,18,24+08
01,12,15,16,18,25+14
01,12,15,16,18,26+02
01,12,15,16,18,29+06
01,12,15,16,19,24+08
01,12,15,16,19,25+14
01,12,15,16,19,26+02
01,12,15,16,19,29+06
01,12,15,16,22,24+08
01,12,15,16,22,25+14
01,12,15,16,22,26+02
01,12,15,16,22,29+06
01,12,15,16,24,26+08
01,12,15,16,24,29+14
01,12,15,16,25,29+02
01,12,15,21,22,26+06
01,12,15,21,22,29+08
01,12,15,21,24,25+14
01,12,15,21,24,26+02
01,12,15,21,24,29+06
01,12,15,21,25,26+08
01,12,15,22,24,25+14
01,12,15,22,24,26+02
01,12,15,22,24,29+06
01,12,15,22,25,26+08
01,12,15,22,25,29+14
01,12,15,24,25,29+02
01,12,16,21,22,24+06
01,12,16,21,22,25+08
01,12,16,21,22,29+14
01,12,16,21,24,25+02
01,12,16,21,24,26+06
01,12,16,21,24,29+08
01,12,16,21,25,26+14
01,12,16,21,25,29+02
01,12,16,22,24,25+06
01,12,16,22,24,29+08
01,12,16,22,25,26+14
01,12,16,22,25,29+02
01,12,16,24,25,29+06
01,12,20,21,24,29+08
01,12,20,21,25,29+14
01,12,20,22,24,29+02
01,12,20,22,25,26+06
01,12,20,22,25,29+08
01,12,20,24,25,29+14
01,12,22,24,25,29+02
01,15,16,21,24,26+06
01,15,16,21,24,29+08
01,15,16,22,24,26+14
01,15,16,22,24,29+02
01,15,16,22,25,29+06
01,15,20,21,24,26+08
01,15,20,21,24,29+14
01,15,20,22,24,25+02
01,15,20,22,24,26+06
01,15,20,22,24,29+08
01,15,20,22,25,26+14
01,15,20,22,25,29+02
01,15,20,24,25,29+06
01,15,22,24,25,29+08
01,16,20,21,24,26+14
01,16,20,21,24,29+02
01,16,20,21,25,29+06
01,16,20,22,24,25+08
01,16,20,22,24,29+14
01,16,20,22,25,26+02
01,16,20,22,25,29+06
01,16,20,24,25,29+08
01,16,22,24,25,29+14
02,03,10,15,18,24+02
02,03,10,15,18,25+06
02,03,10,15,18,26+08
02,03,10,15,18,29+14
02,03,10,15,19,24+02
02,03,10,15,19,25+06
02,03,10,15,19,26+08
02,03,10,15,22,24+14
02,03,10,15,22,25+02
02,03,10,15,22,26+06
02,03,10,15,22,29+08
02,03,10,15,24,26+14
02,03,10,15,24,29+02
02,03,10,15,25,29+06
02,03,10,16,18,25+08
02,03,10,16,18,29+14
02,03,10,16,19,24+02
02,03,10,16,19,25+06
02,03,10,16,19,26+08
02,03,10,16,22,25+14
02,03,10,16,22,29+02
02,03,10,16,24,29+06
02,03,10,16,25,29+08
02,03,10,21,24,26+14
02,03,10,21,24,29+02
02,03,10,21,25,29+06
02,03,10,22,24,29+08
02,03,10,22,25,29+14
02,03,12,15,18,24+02
02,03,12,15,18,25+06
02,03,12,15,18,26+08
02,03,12,15,18,29+14
02,03,12,15,19,24+02
02,03,12,15,19,25+06
02,03,12,15,19,26+08
02,03,12,15,22,24+14
02,03,12,15,22,26+02
02,03,12,15,22,29+06
02,03,12,15,24,26+08
02,03,12,15,24,29+14
02,03,12,15,25,29+02
02,03,12,16,18,25+06
02,03,12,16,18,29+08
02,03,12,16,19,24+14
02,03,12,16,19,25+02
02,03,12,16,19,26+06
02,03,12,16,22,25+08
02,03,12,16,22,29+14
02,03,12,16,24,29+02
02,03,12,16,25,29+06
02,03,12,21,24,26+08
02,03,12,21,24,29+14
02,03,12,21,25,29+02
02,03,12,22,24,29+06
02,03,12,22,25,29+08
02,03,13,15,18,24+14
02,03,13,15,18,25+02
02,03,13,15,18,26+06
02,03,13,15,22,24+08
02,03,13,15,22,26+14
02,03,13,15,24,26+02
02,03,13,16,18,24+06
02,03,13,16,18,25+08
02,03,13,16,18,26+14
02,03,13,16,22,24+02
02,03,13,16,22,25+06
02,03,13,16,24,26+08
02,03,13,21,24,26+14
02,03,13,22,24,26+02
02,03,14,16,18,25+06
02,03,14,16,18,29+08
02,03,14,16,19,24+14
02,03,14,16,19,25+02
02,03,14,16,19,26+06
02,03,14,16,22,25+08
02,03,14,16,22,29+14
02,03,14,16,24,29+02
02,03,14,16,25,29+06
02,03,14,21,24,26+08
02,03,14,21,24,29+14
02,03,14,21,25,29+02
02,03,14,22,24,29+06
02,03,14,22,25,29+08
02,03,15,21,24,26+14
02,03,15,21,24,29+02
02,03,15,22,24,26+06
02,03,15,22,24,29+08
02,03,15,22,25,29+14
02,03,16,21,24,26+02
02,03,16,21,24,29+06
02,03,16,21,25,29+08
02,03,16,22,24,29+14
02,03,16,22,25,29+02
02,03,20,22,24,29+06
02,03,20,22,25,29+08
02,04,10,15,18,25+14
02,04,10,15,18,29+02
02,04,10,15,19,24+06
02,04,10,15,19,25+08
02,04,10,15,19,26+14
02,04,10,15,19,29+02
02,04,10,15,22,25+06
02,04,10,15,22,29+08
02,04,10,15,24,25+14
02,04,10,15,24,29+02
02,04,10,15,25,26+06
02,04,10,15,25,29+08
02,04,10,16,19,25+14
02,04,10,16,19,29+02
02,04,10,16,25,29+06
02,04,10,21,22,29+08
02,04,10,21,24,25+14
02,04,10,21,24,29+02
02,04,10,21,25,26+06
02,04,10,21,25,29+08
02,04,10,22,25,29+14
02,04,10,24,25,29+02
02,04,12,15,18,25+06
02,04,12,15,18,29+08
02,04,12,15,19,24+14
02,04,12,15,19,25+02
02,04,12,15,19,26+06
02,04,12,15,19,29+08
02,04,12,15,22,29+14
02,04,12,15,24,29+02
02,04,12,15,25,26+06
02,04,12,15,25,29+08
02,04,12,16,19,25+14
02,04,12,16,19,29+02
02,04,12,16,25,29+06
02,04,12,21,22,25+08
02,04,12,21,22,29+14
02,04,12,21,24,25+02
02,04,12,21,24,29+06
02,04,12,21,25,26+08
02,04,12,21,25,29+14
02,04,12,22,25,29+02
02,04,12,24,25,29+06
02,04,13,15,18,24+08
02,04,13,15,18,25+14
02,04,13,15,18,26+02
02,04,13,15,18,29+06
02,04,13,15,19,24+08
02,04,13,15,19,25+14
02,04,13,15,19,26+02
02,04,13,15,22,24+06
02,04,13,15,22,25+08
02,04,13,15,22,26+14
02,04,13,15,22,29+02
02,04,13,15,24,25+06
02,04,13,15,24,26+08
02,04,13,15,24,29+14
02,04,13,15,25,26+02
02,04,13,15,25,29+06
02,04,13,16,18,25+08
02,04,13,16,18,29+14
02,04,13,16,19,24+02
02,04,13,16,19,25+06
02,04,13,16,19,26+08
02,04,13,16,22,25+14
02,04,13,16,22,29+02
02,04,13,16,24,25+06
02,04,13,16,24,29+08
02,04,13,16,25,26+14
02,04,13,16,25,29+02
02,04,13,21,22,24+06
02,04,13,21,22,25+08
02,04,13,21,22,26+14
02,04,13,21,22,29+02
02,04,13,21,24,25+06
02,04,13,21,24,26+08
02,04,13,21,24,29+14
02,04,13,21,25,26+02
02,04,13,21,25,29+06
02,04,13,22,24,25+08
02,04,13,22,24,29+14
02,04,13,22,25,26+02
02,04,13,22,25,29+06
02,04,13,24,25,29+08
02,04,14,15,18,25+14
02,04,14,15,18,29+02
02,04,14,15,19,24+06
02,04,14,15,19,25+08
02,04,14,15,19,26+14
02,04,14,15,19,29+02
02,04,14,15,22,29+06
02,04,14,15,24,29+08
02,04,14,15,25,29+14
02,04,14,16,19,25+02
02,04,14,16,19,29+06
02,04,14,16,25,29+08
02,04,14,21,22,25+14
02,04,14,21,22,29+02
02,04,14,21,24,25+06
02,04,14,21,24,29+08
02,04,14,21,25,26+14
02,04,14,21,25,29+02
02,04,14,22,25,29+06
02,04,14,24,25,29+08
02,04,15,16,18,25+14
02,04,15,16,18,29+02
02,04,15,16,19,24+06
02,04,15,16,19,25+08
02,04,15,16,19,26+14
02,04,15,16,19,29+02
02,04,15,16,22,25+06
02,04,15,16,22,29+08
02,04,15,16,24,29+14
02,04,15,16,25,29+02
02,04,15,21,22,24+06
02,04,15,21,22,25+08
02,04,15,21,22,26+14
02,04,15,21,22,29+02
02,04,15,21,24,25+06
02,04,15,21,24,26+08
02,04,15,21,24,29+14
02,04,15,21,25,26+02
02,04,15,21,25,29+06
02,04,15,22,24,29+08
02,04,15,22,25,26+14
02,04,15,22,25,29+02
02,04,15,24,25,29+06
02,04,16,21,22,25+08
02,04,16,21,22,29+14
02,04,16,21,24,25+02
02,04,16,21,24,29+06
02,04,16,21,25,26+08
02,04,16,21,25,29+14
02,04,16,22,25,29+02
02,04,16,24,25,29+06
02,04,20,21,24,29+08
02,04,20,21,25,29+14
02,04,20,22,25,29+02
02,04,20,24,25,29+06
02,04,22,24,25,29+08
02,12,13,15,18,24+14
02,12,13,15,18,25+02
02,12,13,15,18,26+06
02,12,13,15,18,29+08
02,12,13,15,19,24+14
02,12,13,15,19,25+02
02,12,13,15,19,26+06
02,12,13,15,22,24+08
02,12,13,15,22,26+14
02,12,13,15,22,29+02
02,12,13,15,24,26+06
02,12,13,15,24,29+08
02,12,13,15,25,29+14
02,12,13,16,18,25+02
02,12,13,16,18,29+06
02,12,13,16,19,24+08
02,12,13,16,19,25+14
02,12,13,16,19,26+02
02,12,13,16,22,25+06
02,12,13,16,22,29+08
02,12,13,16,24,29+14
02,12,13,16,25,29+02
02,12,13,21,24,26+06
02,12,13,21,24,29+08
02,12,13,21,25,29+14
02,12,13,22,24,29+02
02,12,13,22,25,29+06
02,12,14,15,18,25+08
02,12,14,15,18,29+14
02,12,14,15,19,24+02
02,12,14,15,19,25+06
02,12,14,15,19,26+08
02,12,14,15,19,29+14
02,12,14,15,22,29+02
02,12,14,15,24,29+06
02,12,14,15,25,29+08
02,12,14,16,19,25+14
02,12,14,16,19,29+02
02,12,14,16,25,29+06
02,12,14,21,22,25+08
02,12,14,21,22,29+14
02,12,14,21,24,25+02
02,12,14,21,24,29+06
02,12,14,21,25,26+08
02,12,14,21,25,29+14
02,12,14,22,25,29+02
02,12,14,24,25,29+06
02,12,15,16,18,25+08
02,12,15,16,18,29+14
02,12,15,16,19,24+02
02,12,15,16,19,25+06
02,12,15,16,19,26+08
02,12,15,16,19,29+14
02,12,15,16,22,29+02
02,12,15,16,24,29+06
02,12,15,16,25,29+08
02,12,15,21,22,24+14
02,12,15,21,22,26+02
02,12,15,21,22,29+06
02,12,15,21,24,25+08
02,12,15,21,24,26+14
02,12,15,21,24,29+02
02,12,15,21,25,26+06
02,12,15,21,25,29+08
02,12,15,22,24,29+14
02,12,15,24,25,29+02
02,12,16,21,22,25+06
02,12,16,21,22,29+08
02,12,16,21,24,25+14
02,12,16,21,24,29+02
02,12,16,21,25,26+06
02,12,16,21,25,29+08
02,12,16,22,25,29+14
02,12,16,24,25,29+02
02,12,20,21,24,29+06
02,12,20,21,25,29+08
02,12,20,22,25,29+14
02,12,20,24,25,29+02
02,12,22,24,25,29+06
02,15,16,21,24,26+08
02,15,16,21,24,29+14
02,15,16,21,25,29+02
02,15,16,22,24,29+06
02,15,16,22,25,29+08
02,15,20,21,24,26+14
02,15,20,21,24,29+02
02,15,20,21,25,29+06
02,15,20,22,24,25+08
02,15,20,22,24,29+14
02,15,20,22,25,26+02
02,15,20,22,25,29+06
02,15,20,24,25,29+08
02,15,22,24,25,29+14
02,16,20,21,24,29+02
02,16,20,21,25,29+06
02,16,20,22,25,29+08
02,16,20,24,25,29+14
02,16,22,24,25,29+02
03,04,10,15,18,24+06
03,04,10,15,18,25+08
03,04,10,15,18,26+14
03,04,10,15,18,29+02
03,04,10,15,19,24+06
03,04,10,15,19,25+08
03,04,10,15,19,26+14
03,04,10,15,19,29+02
03,04,10,15,22,24+06
03,04,10,15,22,25+08
03,04,10,15,22,26+14
03,04,10,15,22,29+02
03,04,10,15,24,26+06
03,04,10,15,24,29+08
03,04,10,15,25,29+14
03,04,10,16,18,25+02
03,04,10,16,18,29+06
03,04,10,16,19,24+08
03,04,10,16,19,25+14
03,04,10,16,19,26+02
03,04,10,16,19,29+06
03,04,10,16,22,25+08
03,04,10,16,22,29+14
03,04,10,16,24,29+02
03,04,10,16,25,29+06
03,04,10,21,24,26+08
03,04,10,21,24,29+14
03,04,10,21,25,29+02
03,04,10,22,24,29+06
03,04,10,22,25,29+08
03,04,12,15,18,24+14
03,04,12,15,18,25+02
03,04,12,15,18,26+06
03,04,12,15,18,29+08
03,04,12,15,19,24+14
03,04,12,15,19,25+02
03,04,12,15,19,26+06
03,04,12,15,19,29+08
03,04,12,15,22,24+14
03,04,12,15,22,25+02
03,04,12,15,22,26+06
03,04,12,15,22,29+08
03,04,12,15,24,26+14
03,04,12,15,24,29+02
03,04,12,15,25,29+06
03,04,12,16,18,25+08
03,04,12,16,18,29+14
03,04,12,16,19,24+02
03,04,12,16,19,25+06
03,04,12,16,19,26+08
03,04,12,16,19,29+14
03,04,12,16,22,25+02
03,04,12,16,22,29+06
03,04,12,16,24,29+08
03,04,12,16,25,29+14
03,04,12,21,24,26+02
03,04,12,21,24,29+06
03,04,12,21,25,29+08
03,04,12,22,24,29+14
03,04,12,22,25,29+02
03,04,13,15,18,24+06
03,04,13,15,18,25+08
03,04,13,15,18,26+14
03,04,13,15,18,29+02
03,04,13,15,19,24+06
03,04,13,15,19,26+08
03,04,13,15,22,24+14
03,04,13,15,22,25+02
03,04,13,15,22,26+06
03,04,13,15,22,29+08
03,04,13,15,24,26+14
03,04,13,15,24,29+02
03,04,13,16,18,24+06
03,04,13,16,18,25+08
03,04,13,16,18,26+14
03,04,13,16,18,29+02
03,04,13,16,19,24+06
03,04,13,16,19,25+08
03,04,13,16,19,26+14
03,04,13,16,22,24+02
03,04,13,16,22,25+06
03,04,13,16,22,26+08
03,04,13,16,22,29+14
03,04,13,16,24,29+02
03,04,13,16,25,29+06
03,04,13,21,24,26+08
03,04,13,21,24,29+14
03,04,13,22,24,26+02
03,04,13,22,24,29+06
03,04,13,22,25,29+08
03,04,14,16,18,25+14
03,04,14,16,18,29+02
03,04,14,16,19,24+06
03,04,14,16,19,25+08
03,04,14,16,19,26+14
03,04,14,16,19,29+02
03,04,14,16,22,25+06
03,04,14,16,22,29+08
03,04,14,16,24,29+14
03,04,14,16,25,29+02
03,04,14,21,24,26+06
03,04,14,21,24,29+08
03,04,14,21,25,29+14
03,04,14,22,24,29+02
03,04,14,22,25,29+06
03,04,15,21,24,26+08
03,04,15,21,24,29+14
03,04,15,22,24,26+02
03,04,15,22,24,29+06
03,04,15,22,25,29+08
03,04,16,21,24,26+14
03,04,16,21,24,29+02
03,04,16,21,25,29+06
03,04,16,22,24,29+08
03,04,16,22,25,29+14
03,04,20,22,24,29+02
03,04,20,22,25,29+06
03,12,13,15,18,24+08
03,12,13,15,18,25+14
03,12,13,15,18,26+02
03,12,13,15,18,29+06
03,12,13,15,19,24+08
03,12,13,15,19,26+14
03,12,13,15,22,24+02
03,12,13,15,22,26+06
03,12,13,15,22,29+08
03,12,13,15,24,26+14
03,12,13,15,24,29+02
03,12,13,16,18,24+06
03,12,13,16,18,25+08
03,12,13,16,18,26+14
03,12,13,16,18,29+02
03,12,13,16,19,24+06
03,12,13,16,19,25+08
03,12,13,16,19,26+14
03,12,13,16,22,24+02
03,12,13,16,22,25+06
03,12,13,16,22,29+08
03,12,13,16,24,26+14
03,12,13,16,24,29+02
03,12,13,16,25,29+06
03,12,13,21,24,26+08
03,12,13,21,24,29+14
03,12,13,22,24,26+02
03,12,13,22,24,29+06
03,12,13,22,25,29+08
03,12,14,15,18,24+14
03,12,14,15,18,25+02
03,12,14,15,18,26+06
03,12,14,15,18,29+08
03,12,14,15,19,24+14
03,12,14,15,19,25+02
03,12,14,15,19,26+06
03,12,14,15,19,29+08
03,12,14,15,22,24+14
03,12,14,15,22,25+02
03,12,14,15,22,26+06
03,12,14,15,22,29+08
03,12,14,15,24,26+14
03,12,14,15,24,29+02
03,12,14,15,25,29+06
03,12,14,16,18,25+08
03,12,14,16,18,29+14
03,12,14,16,19,24+02
03,12,14,16,19,25+06
03,12,14,16,19,26+08
03,12,14,16,19,29+14
03,12,14,16,22,25+02
03,12,14,16,22,29+06
03,12,14,16,24,25+08
03,12,14,16,24,29+14
03,12,14,16,25,26+02
03,12,14,16,25,29+06
03,12,14,21,22,24+08
03,12,14,21,22,25+14
03,12,14,21,22,26+02
03,12,14,21,22,29+06
03,12,14,21,24,25+08
03,12,14,21,24,26+14
03,12,14,21,24,29+02
03,12,14,21,25,26+06
03,12,14,21,25,29+08
03,12,14,22,24,25+14
03,12,14,22,24,29+02
03,12,14,22,25,26+06
03,12,14,22,25,29+08
03,12,14,24,25,29+14
03,12,15,16,18,24+02
03,12,15,16,18,25+06
03,12,15,16,18,26+08
03,12,15,16,18,29+14
03,12,15,16,19,24+02
03,12,15,16,19,25+06
03,12,15,16,19,26+08
03,12,15,16,19,29+14
03,12,15,16,22,24+02
03,12,15,16,22,25+06
03,12,15,16,22,26+08
03,12,15,16,22,29+14
03,12,15,16,24,26+02
03,12,15,16,24,29+06
03,12,15,16,25,29+08
03,12,15,21,22,24+14
03,12,15,21,22,25+02
03,12,15,21,22,26+06
03,12,15,21,22,29+08
03,12,15,21,24,25+14
03,12,15,21,24,26+02
03,12,15,21,24,29+06
03,12,15,21,25,26+08
03,12,15,22,24,25+14
03,12,15,22,24,26+02
03,12,15,22,24,29+06
03,12,15,22,25,26+08
03,12,15,22,25,29+14
03,12,15,24,25,29+02
03,12,16,21,22,24+06
03,12,16,21,22,25+08
03,12,16,21,22,26+14
03,12,16,21,22,29+02
03,12,16,21,24,25+06
03,12,16,21,24,26+08
03,12,16,21,24,29+14
03,12,16,21,25,26+02
03,12,16,21,25,29+06
03,12,16,22,24,25+08
03,12,16,22,24,29+14
03,12,16,22,25,26+02
03,12,16,22,25,29+06
03,12,16,24,25,29+08
03,12,20,21,24,26+14
03,12,20,21,24,29+02
03,12,20,21,25,29+06
03,12,20,22,24,25+08
03,12,20,22,24,29+14
03,12,20,22,25,26+02
03,12,20,22,25,29+06
03,12,20,24,25,29+08
03,12,22,24,25,29+14
03,15,16,21,24,26+02
03,15,16,21,24,29+06
03,15,16,22,24,26+08
03,15,16,22,24,29+14
03,15,16,22,25,29+02
03,15,20,21,24,26+06
03,15,20,21,24,29+08
03,15,20,22,24,25+14
03,15,20,22,24,26+02
03,15,20,22,24,29+06
03,15,20,22,25,26+08
03,15,20,22,25,29+14
03,15,20,24,25,29+02
03,15,22,24,25,29+06
03,16,20,21,24,26+08
03,16,20,21,24,29+14
03,16,20,21,25,29+02
03,16,20,22,24,25+06
03,16,20,22,24,29+08
03,16,20,22,25,26+14
03,16,20,22,25,29+02
03,16,20,24,25,29+06
03,16,22,24,25,29+08
04,12,13,15,18,24+14
04,12,13,15,18,25+02
04,12,13,15,18,26+06
04,12,13,15,18,29+08
04,12,13,15,19,24+14
04,12,13,15,19,25+02
04,12,13,15,19,26+06
04,12,13,15,19,29+08
04,12,13,15,22,24+14
04,12,13,15,22,25+02
04,12,13,15,22,26+06
04,12,13,15,22,29+08
04,12,13,15,24,26+14
04,12,13,15,24,29+02
04,12,13,15,25,29+06
04,12,13,16,18,25+08
04,12,13,16,18,29+14
04,12,13,16,19,24+02
04,12,13,16,19,25+06
04,12,13,16,19,26+08
04,12,13,16,19,29+14
04,12,13,16,22,25+02
04,12,13,16,22,29+06
04,12,13,16,24,29+08
04,12,13,16,25,29+14
04,12,13,21,24,26+02
04,12,13,21,24,29+06
04,12,13,21,25,29+08
04,12,13,22,24,29+14
04,12,13,22,25,29+02
04,12,14,15,18,29+06
04,12,14,15,19,24+08
04,12,14,15,19,25+14
04,12,14,15,19,26+02
04,12,14,15,19,29+06
04,12,14,15,22,29+08
04,12,14,15,24,29+14
04,12,14,15,25,29+02
04,12,14,16,19,25+06
04,12,14,16,19,29+08
04,12,14,16,25,29+14
04,12,14,21,22,29+02
04,12,14,21,24,29+06
04,12,14,21,25,29+08
04,12,14,22,25,29+14
04,12,14,24,25,29+02
04,12,15,16,18,29+06
04,12,15,16,19,24+08
04,12,15,16,19,25+14
04,12,15,16,19,26+02
04,12,15,16,19,29+06
04,12,15,16,22,29+08
04,12,15,16,24,29+14
04,12,15,16,25,29+02
04,12,15,21,22,29+06
04,12,15,21,24,29+08
04,12,15,21,25,29+14
04,12,15,22,24,29+02
04,12,15,22,25,29+06
04,12,15,24,25,29+08
04,12,16,21,22,29+14
04,12,16,21,24,29+02
04,12,16,21,25,29+06
04,12,16,22,25,29+08
04,12,16,24,25,29+14
04,12,20,21,24,29+02
04,12,20,21,25,29+06
04,12,20,22,25,29+08
04,12,20,24,25,29+14
04,12,22,24,25,29+02
04,15,16,21,24,29+06
04,15,16,21,25,29+08
04,15,16,22,24,29+14
04,15,16,22,25,29+02
04,15,20,21,24,29+06
04,15,20,21,25,29+08
04,15,20,22,24,29+14
04,15,20,22,25,29+02
04,15,20,24,25,29+06
04,15,22,24,25,29+08
04,16,20,21,24,29+14
04,16,20,21,25,29+02
04,16,20,22,25,29+06
04,16,20,24,25,29+08
04,16,22,24,25,29+14
05,12,13,15,18,24+02
05,12,13,15,18,25+06
05,12,13,15,18,26+08
05,12,13,15,18,29+14
05,12,13,15,19,24+02
05,12,13,15,19,26+06
05,12,13,15,22,24+08
05,12,13,15,22,26+14
05,12,13,15,22,29+02
05,12,13,15,24,26+06
05,12,13,15,24,29+08
05,12,13,16,18,24+14
05,12,13,16,18,25+02
05,12,13,16,18,26+06
05,12,13,16,18,29+08
05,12,13,16,19,24+14
05,12,13,16,19,25+02
05,12,13,16,19,26+06
05,12,13,16,22,24+08
05,12,13,16,22,25+14
05,12,13,16,22,26+02
05,12,13,16,22,29+06
05,12,13,16,24,26+08
05,12,13,16,24,29+14
05,12,13,16,25,29+02
05,12,13,21,24,26+06
05,12,13,21,24,29+08
05,12,13,22,24,26+14
05,12,13,22,24,29+02
05,12,13,22,25,29+06
05,12,14,15,18,24+08
05,12,14,15,18,25+14
05,12,14,15,18,26+02
05,12,14,15,18,29+06
05,12,14,15,19,24+08
05,12,14,15,19,25+14
05,12,14,15,19,26+02
05,12,14,15,19,29+06
05,12,14,15,22,26+08
05,12,14,15,22,29+14
05,12,14,15,24,26+02
05,12,14,15,24,29+06
05,12,14,15,25,29+08
05,12,14,16,18,25+14
05,12,14,16,18,29+02
05,12,14,16,19,24+06
05,12,14,16,19,25+08
05,12,14,16,19,26+14
05,12,14,16,19,29+02
05,12,14,16,22,25+06
05,12,14,16,22,29+08
05,12,14,16,24,25+14
05,12,14,16,24,29+02
05,12,14,16,25,26+06
05,12,14,16,25,29+08
05,12,14,21,22,24+14
05,12,14,21,22,25+02
05,12,14,21,22,26+06
05,12,14,21,22,29+08
05,12,14,21,24,25+14
05,12,14,21,24,26+02
05,12,14,21,24,29+06
05,12,14,21,25,26+08
05,12,14,21,25,29+14
05,12,14,22,24,29+02
05,12,14,22,25,26+06
05,12,14,22,25,29+08
05,12,14,24,25,29+14
05,12,15,16,18,24+02
05,12,15,16,18,25+06
05,12,15,16,18,26+08
05,12,15,16,18,29+14
05,12,15,16,19,24+02
05,12,15,16,19,25+06
05,12,15,16,19,26+08
05,12,15,16,19,29+14
05,12,15,16,22,24+02
05,12,15,16,22,29+06
05,12,15,16,24,26+08
05,12,15,16,24,29+14
05,12,15,16,25,29+02
05,12,15,21,22,24+06
05,12,15,21,22,26+08
05,12,15,21,22,29+14
05,12,15,21,24,25+02
05,12,15,21,24,26+06
05,12,15,21,24,29+08
05,12,15,21,25,26+14
05,12,15,22,24,26+02
05,12,15,22,24,29+06
05,12,15,24,25,29+08
05,12,16,21,22,24+14
05,12,16,21,22,25+02
05,12,16,21,22,26+06
05,12,16,21,22,29+08
05,12,16,21,24,25+14
05,12,16,21,24,26+02
05,12,16,21,24,29+06
05,12,16,21,25,26+08
05,12,16,21,25,29+14
05,12,16,22,24,25+02
05,12,16,22,24,29+06
05,12,16,22,25,29+08
05,12,16,24,25,29+14
05,12,20,21,24,26+02
05,12,20,21,24,29+06
05,12,20,21,25,29+08
05,12,20,22,24,25+14
05,12,20,22,24,29+02
05,12,20,22,25,26+06
05,12,20,22,25,29+08
05,12,20,24,25,29+14
05,12,22,24,25,29+02
05,15,16,21,24,26+06
05,15,16,21,24,29+08
05,15,16,22,24,26+14
05,15,16,22,24,29+02
05,15,16,22,25,29+06
05,15,20,21,24,26+08
05,15,20,21,24,29+14
05,15,20,22,24,25+02
05,15,20,22,24,26+06
05,15,20,22,24,29+08
05,15,20,22,25,26+14
05,15,20,22,25,29+02
05,15,20,24,25,29+06
05,15,22,24,25,29+08
05,16,20,21,24,26+14
05,16,20,21,24,29+02
05,16,20,21,25,29+06
05,16,20,22,24,25+08
05,16,20,22,24,29+14
05,16,20,22,25,26+02
05,16,20,22,25,29+06
05,16,20,24,25,29+08
05,16,22,24,25,29+14
07,12,13,15,18,24+02
07,12,13,15,18,25+06
07,12,13,15,18,26+08
07,12,13,15,18,29+14
07,12,13,15,19,24+02
07,12,13,15,19,26+06
07,12,13,15,22,24+08
07,12,13,15,22,25+14
07,12,13,15,22,26+02
07,12,13,15,22,29+06
07,12,13,15,24,26+08
07,12,13,15,24,29+14
07,12,13,16,18,24+02
07,12,13,16,18,25+06
07,12,13,16,18,26+08
07,12,13,16,18,29+14
07,12,13,16,19,24+02
07,12,13,16,19,25+06
07,12,13,16,19,26+08
07,12,13,16,22,24+14
07,12,13,16,22,25+02
07,12,13,16,22,26+06
07,12,13,16,22,29+08
07,12,13,16,24,26+14
07,12,13,16,24,29+02
07,12,13,16,25,29+06
07,12,13,21,24,26+08
07,12,13,21,24,29+14
07,12,13,22,24,26+02
07,12,13,22,24,29+06
07,12,13,22,25,29+08
07,12,14,15,18,24+14
07,12,14,15,18,25+02
07,12,14,15,18,26+06
07,12,14,15,18,29+08
07,12,14,15,19,24+14
07,12,14,15,19,25+02
07,12,14,15,19,26+06
07,12,14,15,19,29+08
07,12,14,15,22,24+14
07,12,14,15,22,25+02
07,12,14,15,22,26+06
07,12,14,15,22,29+08
07,12,14,15,24,26+14
07,12,14,15,24,29+02
07,12,14,15,25,29+06
07,12,14,16,18,25+08
07,12,14,16,18,29+14
07,12,14,16,19,24+02
07,12,14,16,19,25+06
07,12,14,16,19,26+08
07,12,14,16,19,29+14
07,12,14,16,22,25+02
07,12,14,16,22,29+06
07,12,14,16,24,25+08
07,12,14,16,24,29+14
07,12,14,16,25,26+02
07,12,14,16,25,29+06
07,12,14,21,22,24+08
07,12,14,21,22,25+14
07,12,14,21,22,26+02
07,12,14,21,22,29+06
07,12,14,21,24,25+08
07,12,14,21,24,26+14
07,12,14,21,24,29+02
07,12,14,21,25,26+06
07,12,14,21,25,29+08
07,12,14,22,24,25+14
07,12,14,22,24,29+02
07,12,14,22,25,26+06
07,12,14,22,25,29+08
07,12,14,24,25,29+14
07,12,15,16,18,24+02
07,12,15,16,18,25+06
07,12,15,16,18,26+08
07,12,15,16,18,29+14
07,12,15,16,19,24+02
07,12,15,16,19,25+06
07,12,15,16,19,26+08
07,12,15,16,19,29+14
07,12,15,16,22,24+02
07,12,15,16,22,25+06
07,12,15,16,22,26+08
07,12,15,16,22,29+14
07,12,15,16,24,26+02
07,12,15,16,24,29+06
07,12,15,16,25,29+08
07,12,15,21,22,24+14
07,12,15,21,22,25+02
07,12,15,21,22,26+06
07,12,15,21,22,29+08
07,12,15,21,24,25+14
07,12,15,21,24,26+02
07,12,15,21,24,29+06
07,12,15,21,25,26+08
07,12,15,22,24,25+14
07,12,15,22,24,26+02
07,12,15,22,24,29+06
07,12,15,22,25,26+08
07,12,15,22,25,29+14
07,12,15,24,25,29+02
07,12,16,21,22,24+06
07,12,16,21,22,25+08
07,12,16,21,22,26+14
07,12,16,21,22,29+02
07,12,16,21,24,25+06
07,12,16,21,24,26+08
07,12,16,21,24,29+14
07,12,16,21,25,26+02
07,12,16,21,25,29+06
07,12,16,22,24,25+08
07,12,16,22,24,29+14
07,12,16,22,25,26+02
07,12,16,22,25,29+06
07,12,16,24,25,29+08
07,12,20,21,24,26+14
07,12,20,21,24,29+02
07,12,20,21,25,29+06
07,12,20,22,24,25+08
07,12,20,22,24,29+14
07,12,20,22,25,26+02
07,12,20,22,25,29+06
07,12,20,24,25,29+08
07,12,22,24,25,29+14
07,15,16,21,24,26+02
07,15,16,21,24,29+06
07,15,16,22,24,26+08
07,15,16,22,24,29+14
07,15,16,22,25,29+02
07,15,20,21,24,26+06
07,15,20,21,24,29+08
07,15,20,22,24,25+14
07,15,20,22,24,26+02
07,15,20,22,24,29+06
07,15,20,22,25,26+08
07,15,20,22,25,29+14
07,15,20,24,25,29+02
07,15,22,24,25,29+06
07,16,20,21,24,26+08
07,16,20,21,24,29+14
07,16,20,21,25,29+02
07,16,20,22,24,25+06
07,16,20,22,24,29+08
07,16,20,22,25,26+14
07,16,20,22,25,29+02
07,16,20,24,25,29+06
07,16,22,24,25,29+08
