06,08,09,14,26+03,11
06,08,09,14,28+01,05
06,08,09,14,30+03,05
06,08,09,14,32+01,11
06,08,09,20,26+03,11
06,08,09,20,28+01,05
06,08,09,20,30+03,11
06,08,09,20,32+01,05
06,08,09,22,26+03,05
06,08,09,22,28+01,11
06,08,09,22,30+03,11
06,08,09,22,32+01,05
06,08,09,26,28+03,11
06,08,09,26,30+01,05
06,08,09,26,32+03,05
06,08,11,14,26+01,11
06,08,11,14,28+03,11
06,08,11,14,30+01,05
06,08,11,14,32+03,11
06,08,11,20,26+01,05
06,08,11,20,28+03,05
06,08,11,20,30+01,11
06,08,11,20,32+03,11
06,08,11,22,26+01,05
06,08,11,22,28+03,11
06,08,11,22,30+01,05
06,08,11,22,32+03,05
06,08,11,26,28+01,11
06,08,11,26,30+03,11
06,08,11,26,32+01,05
06,08,17,20,26+03,11
06,08,17,20,28+01,05
06,08,17,20,30+03,05
06,08,17,20,32+01,11
06,08,17,22,26+03,11
06,08,17,22,28+01,05
06,08,17,22,30+03,11
06,08,17,22,32+01,05
06,08,17,26,28+03,05
06,08,17,26,30+01,11
06,08,17,26,32+03,11
06,08,19,20,26+01,05
06,08,19,20,28+03,11
06,08,19,20,30+01,05
06,08,19,20,32+03,05
06,08,19,22,26+01,11
06,08,19,22,28+03,11
06,08,19,22,30+01,05
06,08,19,22,32+03,11
06,08,19,26,28+01,05
06,08,19,26,30+03,05
06,08,19,26,32+01,11
06,08,21,22,26+03,11
06,08,21,22,28+01,05
06,08,21,22,30+03,11
06,08,21,22,32+01,05
06,08,21,26,28+03,05
06,08,21,26,30+01,11
06,08,21,26,32+03,11
06,08,23,26,28+01,05
06,08,23,26,30+03,11
06,08,23,26,32+01,05
06,14,17,20,26+03,05
06,14,17,20,28+01,11
06,14,17,20,30+03,11
06,14,17,20,32+01,05
06,14,17,22,26+03,11
06,14,17,22,28+01,05
06,14,17,22,30+03,05
06,14,17,22,32+01,11
06,14,17,26,28+03,11
06,14,17,26,30+01,05
06,14,17,26,32+03,11
06,14,19,20,26+01,05
06,14,19,20,28+03,05
06,14,19,20,30+01,11
06,14,19,20,32+03,11
06,14,19,22,26+01,05
06,14,19,22,28+03,11
06,14,19,22,30+01,05
06,14,19,22,32+03,05
06,14,19,26,28+01,11
06,14,19,26,30+03,11
06,14,19,26,32+01,05
06,14,21,22,26+03,11
06,14,21,22,28+01,05
06,14,21,22,30+03,05
06,14,21,22,32+01,11
06,14,21,26,28+03,11
06,14,21,26,30+01,05
06,14,21,26,32+03,11
06,14,23,26,28+01,05
06,14,23,26,30+03,05
06,14,23,26,32+01,11
06,18,19,20,26+03,11
06,18,19,20,28+01,05
06,18,19,20,30+03,11
06,18,19,20,32+01,05
06,18,19,22,26+03,05
06,18,19,22,28+01,11
06,18,19,22,30+03,11
06,18,19,22,32+01,05
06,18,19,26,28+03,11
06,18,19,26,30+01,05
06,18,19,26,32+03,05
06,18,21,22,26+01,11
06,18,21,22,28+03,11
06,18,21,22,30+01,05
06,18,21,22,32+03,11
06,18,21,26,28+01,05
06,18,21,26,30+03,05
06,18,21,26,32+01,11
06,18,23,26,28+03,11
06,18,23,26,30+01,05
06,18,23,26,32+03,11
06,20,21,22,26+01,05
06,20,21,22,28+03,05
06,20,21,22,30+01,11
06,20,21,22,32+03,11
06,20,21,26,28+01,05
06,20,21,26,30+03,11
06,20,21,26,32+01,05
06,20,23,26,28+03,05
06,20,23,26,30+01,11
06,20,23,26,32+03,11
12,14,17,20,26+01,05
12,14,17,20,28+03,11
12,14,17,20,30+01,05
12,14,17,20,32+03,05
12,14,17,22,26+01,11
12,14,17,22,28+03,11
12,14,17,22,30+01,05
12,14,17,22,32+03,11
12,14,17,26,28+01,05
12,14,17,26,30+03,05
12,14,17,26,32+01,11
12,14,19,20,26+03,11
12,14,19,20,28+01,05
12,14,19,20,30+03,11
12,14,19,20,32+01,05
12,14,19,22,26+03,05
12,14,19,22,28+01,11
12,14,19,22,30+03,11
12,14,19,22,32+01,05
12,14,19,26,28+03,11
12,14,19,26,30+01,05
12,14,19,26,32+03,05
12,14,21,22,26+01,11
12,14,21,22,28+03,11
12,14,21,22,30+01,05
12,14,21,22,32+03,11
12,14,21,26,28+01,05
12,14,21,26,30+03,05
12,14,21,26,32+01,11
12,14,23,26,28+03,11
12,14,23,26,30+01,05
12,14,23,26,32+03,11
12,18,19,20,26+01,05
12,18,19,20,28+03,05
12,18,19,20,30+01,11
12,18,19,20,32+03,11
12,18,19,22,26+01,05
12,18,19,22,28+03,11
12,18,19,22,30+01,05
12,18,19,22,32+03,05
12,18,19,26,28+01,11
12,18,19,26,30+03,11
12,18,19,26,32+01,05
12,18,21,22,26+03,11
12,18,21,22,28+01,05
12,18,21,22,30+03,05
12,18,21,22,32+01,11
12,18,21,26,28+03,11
12,18,21,26,30+01,05
12,18,21,26,32+03,11
12,18,23,26,28+01,05
12,18,23,26,30+03,05
12,18,23,26,32+01,11
12,20,21,22,26+03,11
12,20,21,22,28+01,05
12,20,21,22,30+03,11
12,20,21,22,32+01,05
12,20,21,26,28+03,05
12,20,21,26,30+01,11
12,20,21,26,32+03,11
12,20,23,26,28+01,05
12,20,23,26,30+03,11
12,20,23,26,32+01,05
