03,04,07,13,21+02,12
03,04,07,13,26+03,12
03,04,07,13,27+04,12
03,04,07,13,28+02,05
03,04,07,13,32+03,05
03,04,07,13,33+04,05
03,04,07,13,35+02,06
03,04,07,15,21+03,06
03,04,07,15,23+04,06
03,04,07,15,26+05,06
03,04,07,15,27+02,07
03,04,07,15,28+03,07
03,04,07,15,31+04,07
03,04,07,15,32+05,07
03,04,07,15,33+05,12
03,04,07,15,35+02,12
03,04,07,17,21+03,12
03,04,07,17,26+04,12
03,04,07,17,27+02,05
03,04,07,17,28+03,05
03,04,07,17,32+04,05
03,04,07,17,33+02,06
03,04,07,17,35+03,06
03,04,07,18,21+04,06
03,04,07,18,23+05,06
03,04,07,18,26+02,07
03,04,07,18,27+03,07
03,04,07,18,31+04,07
03,04,07,18,32+05,07
03,04,07,18,33+05,12
03,04,07,18,35+02,12
03,04,07,21,23+03,12
03,04,07,21,26+04,12
03,04,07,21,27+02,05
03,04,07,21,28+03,05
03,04,07,21,31+04,05
03,04,07,21,32+02,06
03,04,07,21,33+03,06
03,04,07,21,35+04,06
03,04,07,23,26+05,06
03,04,07,23,27+02,07
03,04,07,23,28+03,07
03,04,07,23,32+04,07
03,04,07,23,33+05,07
03,04,07,23,35+05,12
03,04,07,29,32+02,12
03,04,07,29,33+03,12
03,04,07,29,35+04,12
03,04,07,31,32+02,05
03,04,07,31,33+03,05
03,04,07,31,35+04,05
03,04,07,32,33+02,06
03,04,07,32,35+03,06
03,04,07,33,35+04,06
03,04,09,13,21+05,06
03,04,09,13,23+02,07
03,04,09,13,26+03,07
03,04,09,13,27+04,07
03,04,09,13,28+05,07
03,04,09,13,31+05,12
03,04,09,13,32+02,12
03,04,09,13,33+03,12
03,04,09,13,35+04,12
03,04,09,15,21+02,05
03,04,09,15,23+03,05
03,04,09,15,26+04,05
03,04,09,15,27+02,06
03,04,09,15,28+03,06
03,04,09,15,31+04,06
03,04,09,15,32+05,06
03,04,09,15,33+02,07
03,04,09,15,35+03,07
03,04,09,17,21+04,07
03,04,09,17,23+05,07
03,04,09,17,26+05,12
03,04,09,17,31+02,12
03,04,09,17,32+03,12
03,04,09,17,33+04,12
03,04,09,17,35+02,05
03,04,09,18,21+03,05
03,04,09,18,23+04,05
03,04,09,18,31+02,06
03,04,09,18,32+03,06
03,04,09,18,33+04,06
03,04,09,18,35+05,06
03,04,09,21,23+02,07
03,04,09,21,26+03,07
03,04,09,21,27+04,07
03,04,09,21,28+05,07
03,04,09,21,31+05,12
03,04,09,21,32+02,12
03,04,09,21,33+03,12
03,04,09,21,35+04,12
03,04,09,23,26+02,05
03,04,09,23,27+03,05
03,04,09,23,28+04,05
03,04,09,23,31+02,06
03,04,09,23,32+03,06
03,04,09,23,33+04,06
03,04,09,23,35+05,06
03,04,09,29,31+02,07
03,04,09,29,32+03,07
03,04,09,29,33+04,07
03,04,09,31,32+05,07
03,04,09,31,33+05,12
03,04,09,31,35+02,12
03,04,09,32,33+03,12
03,04,09,32,35+04,12
03,04,09,33,35+02,05
03,04,11,13,26+03,05
03,04,11,13,27+04,05
03,04,11,13,28+02,06
03,04,11,13,33+03,06
03,04,11,13,35+04,06
03,04,11,15,21+05,06
03,04,11,15,23+02,07
03,04,11,15,26+03,07
03,04,11,15,27+04,07
03,04,11,15,28+05,07
03,04,11,15,31+05,12
03,04,11,15,32+02,12
03,04,11,15,33+03,12
03,04,11,15,35+04,12
03,04,11,17,21+02,05
03,04,11,17,26+03,05
03,04,11,17,27+04,05
03,04,11,17,28+02,06
03,04,11,17,32+03,06
03,04,11,17,33+04,06
03,04,11,17,35+05,06
03,04,11,18,21+02,07
03,04,11,18,23+03,07
03,04,11,18,26+04,07
03,04,11,18,27+05,07
03,04,11,18,28+05,12
03,04,11,18,31+02,12
03,04,11,18,32+03,12
03,04,11,18,33+04,12
03,04,11,18,35+02,05
03,04,11,21,26+03,05
03,04,11,21,27+04,05
03,04,11,21,28+02,06
03,04,11,21,35+03,06
03,04,11,23,26+04,06
03,04,11,23,27+05,06
03,04,11,23,28+02,07
03,04,11,23,33+03,07
03,04,11,23,35+04,07
03,04,11,29,32+05,07
03,04,11,29,33+05,12
03,04,11,29,35+02,12
03,04,11,31,35+03,12
03,04,11,32,35+04,12
03,04,11,33,35+02,05
03,04,13,15,21+03,05
03,04,13,15,23+04,05
03,04,13,15,26+02,06
03,04,13,15,27+03,06
03,04,13,15,28+04,06
03,04,13,15,31+05,06
03,04,13,15,32+02,07
03,04,13,15,33+03,07
03,04,13,15,35+04,07
03,04,13,17,21+05,07
03,04,13,17,26+05,12
03,04,13,17,27+02,12
03,04,13,17,28+03,12
03,04,13,17,32+04,12
03,04,13,17,33+02,05
03,04,13,17,35+03,05
03,04,13,18,21+04,05
03,04,13,18,23+02,06
03,04,13,18,26+03,06
03,04,13,18,27+04,06
03,04,13,18,28+05,06
03,04,13,18,31+02,07
03,04,13,18,32+03,07
03,04,13,18,33+04,07
03,04,13,18,35+05,07
03,04,13,21,23+05,12
03,04,13,21,26+02,12
03,04,13,21,27+03,12
03,04,13,21,28+04,12
03,04,13,21,33+02,05
03,04,13,21,35+03,05
03,04,13,23,26+04,05
03,04,13,23,27+02,06
03,04,13,23,28+03,06
03,04,13,23,32+04,06
03,04,13,23,33+05,06
03,04,13,23,35+02,07
03,04,13,29,32+03,07
03,04,13,29,33+04,07
03,04,13,29,35+05,07
03,04,13,31,33+05,12
03,04,13,31,35+02,12
03,04,13,32,33+03,12
03,04,13,32,35+04,12
03,04,13,33,35+02,05
03,04,14,15,21+03,05
03,04,14,15,23+04,05
03,04,14,15,26+02,06
03,04,14,15,27+03,06
03,04,14,15,28+04,06
03,04,14,15,31+05,06
03,04,14,15,32+02,07
03,04,14,15,33+03,07
03,04,14,15,35+04,07
03,04,14,17,21+05,07
03,04,14,17,23+05,12
03,04,14,17,26+02,12
03,04,14,17,27+03,12
03,04,14,17,28+04,12
03,04,14,17,31+02,05
03,04,14,17,32+03,05
03,04,14,17,33+04,05
03,04,14,17,35+02,06
03,04,14,18,21+03,06
03,04,14,18,23+04,06
03,04,14,18,27+05,06
03,04,14,18,31+02,07
03,04,14,18,33+03,07
03,04,14,18,35+04,07
03,04,14,21,23+05,07
03,04,14,21,26+05,12
03,04,14,21,27+02,12
03,04,14,21,28+03,12
03,04,14,21,32+04,12
03,04,14,21,33+02,05
03,04,14,21,35+03,05
03,04,14,23,26+04,05
03,04,14,23,27+02,06
03,04,14,23,28+03,06
03,04,14,23,31+04,06
03,04,14,23,32+05,06
03,04,14,23,33+02,07
03,04,14,23,35+03,07
03,04,14,29,31+04,07
03,04,14,29,32+05,07
03,04,14,29,33+05,12
03,04,14,29,35+02,12
03,04,14,31,32+03,12
03,04,14,31,33+04,12
03,04,14,31,35+02,05
03,04,14,32,33+03,05
03,04,14,32,35+04,05
03,04,14,33,35+02,06
03,04,15,17,21+03,06
03,04,15,17,23+04,06
03,04,15,17,26+05,06
03,04,15,17,27+02,07
03,04,15,17,28+03,07
03,04,15,17,31+04,07
03,04,15,17,32+05,07
03,04,15,17,33+05,12
03,04,15,17,35+02,12
03,04,15,18,21+03,12
03,04,15,18,23+04,12
03,04,15,18,26+02,05
03,04,15,18,27+03,05
03,04,15,18,28+04,05
03,04,15,18,31+02,06
03,04,15,18,32+03,06
03,04,15,18,33+04,06
03,04,15,18,35+05,06
03,04,15,21,23+02,07
03,04,15,21,26+03,07
03,04,15,21,27+04,07
03,04,15,21,28+05,07
03,04,15,21,31+05,12
03,04,15,21,32+02,12
03,04,15,21,33+03,12
03,04,15,21,35+04,12
03,04,15,23,26+02,05
03,04,15,23,27+03,05
03,04,15,23,28+04,05
03,04,15,23,31+02,06
03,04,15,23,32+03,06
03,04,15,23,33+04,06
03,04,15,23,35+05,06
03,04,15,29,31+02,07
03,04,15,29,32+03,07
03,04,15,29,33+04,07
03,04,15,29,35+05,07
03,04,15,31,32+05,12
03,04,15,31,33+02,12
03,04,15,31,35+03,12
03,04,15,32,33+04,12
03,04,15,32,35+02,05
03,04,15,33,35+03,05
03,04,17,18,21+04,05
03,04,17,18,23+02,06
03,04,17,18,26+03,06
03,04,17,18,27+04,06
03,04,17,18,31+05,06
03,04,17,18,32+02,07
03,04,17,18,33+03,07
03,04,17,18,35+04,07
03,04,17,21,23+05,07
03,04,17,21,26+05,12
03,04,17,21,27+02,12
03,04,17,21,28+03,12
03,04,17,21,31+04,12
03,04,17,21,32+02,05
03,04,17,21,33+03,05
03,04,17,21,35+04,05
03,04,17,23,26+02,06
03,04,17,23,27+03,06
03,04,17,23,28+04,06
03,04,17,23,32+05,06
03,04,17,23,33+02,07
03,04,17,23,35+03,07
03,04,17,29,32+04,07
03,04,17,29,33+05,07
03,04,17,29,35+05,12
03,04,17,31,32+02,12
03,04,17,31,33+03,12
03,04,17,31,35+04,12
03,04,17,32,33+02,05
03,04,17,32,35+03,05
03,04,17,33,35+04,05
03,04,25,29,31+02,06
03,04,25,29,32+03,06
03,04,25,29,33+04,06
03,04,25,29,35+05,06
03,04,25,31,32+02,07
03,04,25,31,33+03,07
03,04,25,31,35+04,07
03,04,25,32,33+05,07
03,04,25,32,35+05,12
03,04,25,33,35+02,12
03,04,27,29,31+03,12
03,04,27,29,32+04,12
03,04,27,29,33+02,05
03,04,27,29,35+03,05
03,04,27,31,32+04,05
03,04,27,31,33+02,06
03,04,27,31,35+03,06
03,04,27,32,33+04,06
03,04,27,32,35+05,06
03,04,27,33,35+02,07
03,04,29,31,32+03,07
03,04,29,31,33+04,07
03,04,29,31,35+05,07
03,04,29,32,33+05,12
03,04,29,32,35+02,12
03,04,29,33,35+03,12
03,05,07,15,26+04,12
03,05,07,15,28+02,05
03,05,07,15,32+03,05
03,05,07,18,21+04,05
03,05,07,18,26+02,06
03,05,07,18,32+03,06
03,05,07,18,33+04,06
03,05,07,18,35+05,06
03,05,07,21,26+02,07
03,05,07,21,28+03,07
03,05,07,21,32+04,07
03,05,07,32,33+05,07
03,05,07,32,35+05,12
03,05,09,13,26+02,12
03,05,09,13,28+03,12
03,05,09,13,32+04,12
03,05,09,15,26+02,05
03,05,09,15,32+03,05
03,05,09,17,32+04,05
03,05,09,18,21+02,06
03,05,09,18,23+03,06
03,05,09,18,31+04,06
03,05,09,18,32+05,06
03,05,09,18,33+02,07
03,05,09,21,26+03,07
03,05,09,21,28+04,07
03,05,09,21,32+05,07
03,05,09,23,26+05,12
03,05,09,23,28+02,12
03,05,09,23,32+03,12
03,05,09,29,32+04,12
03,05,09,31,32+02,05
03,05,09,32,33+03,05
03,05,09,32,35+04,05
03,05,11,15,26+02,06
03,05,11,15,28+03,06
03,05,11,15,32+04,06
03,05,11,18,21+05,06
03,05,11,18,26+02,07
03,05,11,18,27+03,07
03,05,11,18,28+04,07
03,05,11,18,32+05,07
03,05,11,18,33+05,12
03,05,11,18,35+02,12
03,05,11,21,26+03,12
03,05,11,21,28+04,12
03,05,11,32,33+02,05
03,05,11,32,35+03,05
03,05,13,15,26+04,05
03,05,13,15,28+02,06
03,05,13,15,32+03,06
03,05,13,18,21+04,06
03,05,13,18,26+05,06
03,05,13,18,27+02,07
03,05,13,18,28+03,07
03,05,13,18,32+04,07
03,05,13,18,33+05,07
03,05,13,18,35+05,12
03,05,13,21,26+02,12
03,05,13,21,28+03,12
03,05,13,21,32+04,12
03,05,13,32,33+02,05
03,05,13,32,35+03,05
03,05,14,15,21+04,05
03,05,14,15,23+02,06
03,05,14,15,26+03,06
03,05,14,15,27+04,06
03,05,14,15,28+05,06
03,05,14,15,31+02,07
03,05,14,15,32+03,07
03,05,14,15,33+04,07
03,05,14,15,35+05,07
03,05,14,17,21+05,12
03,05,14,17,26+02,12
03,05,14,17,27+03,12
03,05,14,17,28+04,12
03,05,14,17,32+02,05
03,05,14,17,33+03,05
03,05,14,17,35+04,05
03,05,14,18,21+02,06
03,05,14,18,23+03,06
03,05,14,18,26+04,06
03,05,14,18,27+05,06
03,05,14,18,28+02,07
03,05,14,18,31+03,07
03,05,14,18,32+04,07
03,05,14,18,33+05,07
03,05,14,18,35+05,12
03,05,14,21,23+02,12
03,05,14,21,26+03,12
03,05,14,21,27+04,12
03,05,14,21,28+02,05
03,05,14,21,31+03,05
03,05,14,21,32+04,05
03,05,14,21,33+02,06
03,05,14,21,35+03,06
03,05,14,23,26+04,06
03,05,14,23,27+05,06
03,05,14,23,28+02,07
03,05,14,23,32+03,07
03,05,14,23,33+04,07
03,05,14,23,35+05,07
03,05,14,29,32+05,12
03,05,14,29,33+02,12
03,05,14,29,35+03,12
03,05,14,31,32+04,12
03,05,14,31,33+02,05
03,05,14,31,35+03,05
03,05,14,32,33+04,05
03,05,14,32,35+02,06
03,05,14,33,35+03,06
03,05,15,17,26+04,06
03,05,15,17,28+05,06
03,05,15,17,32+02,07
03,05,15,18,21+03,07
03,05,15,18,23+04,07
03,05,15,18,26+05,07
03,05,15,18,27+05,12
03,05,15,18,28+02,12
03,05,15,18,31+03,12
03,05,15,18,32+04,12
03,05,15,18,33+02,05
03,05,15,18,35+03,05
03,05,15,21,26+04,05
03,05,15,21,28+02,06
03,05,15,21,32+03,06
03,05,15,23,26+04,06
03,05,15,23,28+05,06
03,05,15,23,32+02,07
03,05,15,29,32+03,07
03,05,15,31,32+04,07
03,05,15,32,33+05,07
03,05,15,32,35+05,12
03,05,17,18,21+02,12
03,05,17,18,26+03,12
03,05,17,18,32+04,12
03,05,17,18,33+02,05
03,05,17,18,35+03,05
03,05,17,21,26+04,05
03,05,17,21,28+02,06
03,05,17,21,32+03,06
03,05,17,32,33+04,06
03,05,17,32,35+05,06
03,05,25,29,32+02,07
03,05,25,31,32+03,07
03,05,25,32,33+04,07
03,05,25,32,35+05,07
03,05,27,29,32+05,12
03,05,27,31,32+02,12
03,05,27,32,33+03,12
03,05,27,32,35+04,12
03,05,29,32,33+02,05
03,05,29,32,35+03,05
03,06,07,13,21+04,05
03,06,07,13,26+02,06
03,06,07,13,27+03,06
03,06,07,13,28+04,06
03,06,07,13,32+05,06
03,06,07,13,33+02,07
03,06,07,13,35+03,07
03,06,07,15,21+04,07
03,06,07,15,23+05,07
03,06,07,15,26+05,12
03,06,07,15,27+02,12
03,06,07,15,28+03,12
03,06,07,15,31+04,12
03,06,07,15,32+02,05
03,06,07,15,33+03,05
03,06,07,15,35+04,05
03,06,07,17,21+02,06
03,06,07,17,26+03,06
03,06,07,17,32+04,06
03,06,07,17,33+05,06
03,06,07,17,35+02,07
03,06,07,18,21+03,07
03,06,07,18,23+04,07
03,06,07,18,31+05,07
03,06,07,18,32+05,12
03,06,07,18,33+02,12
03,06,07,18,35+03,12
03,06,07,21,23+04,12
03,06,07,21,26+02,05
03,06,07,21,27+03,05
03,06,07,21,28+04,05
03,06,07,21,31+02,06
03,06,07,21,32+03,06
03,06,07,21,33+04,06
03,06,07,21,35+05,06
03,06,07,23,26+02,07
03,06,07,23,27+03,07
03,06,07,23,28+04,07
03,06,07,23,32+05,07
03,06,07,23,33+05,12
03,06,07,23,35+02,12
03,06,07,29,32+03,12
03,06,07,29,33+04,12
03,06,07,31,32+02,05
03,06,07,31,33+03,05
03,06,07,31,35+04,05
03,06,07,32,33+02,06
03,06,07,32,35+03,06
03,06,07,33,35+04,06
03,06,09,13,21+05,06
03,06,09,13,23+02,07
03,06,09,13,26+03,07
03,06,09,13,27+04,07
03,06,09,13,28+05,07
03,06,09,13,31+05,12
03,06,09,13,32+02,12
03,06,09,13,33+03,12
03,06,09,13,35+04,12
03,06,09,15,21+02,05
03,06,09,15,23+03,05
03,06,09,15,26+04,05
03,06,09,15,31+02,06
03,06,09,15,32+03,06
03,06,09,15,33+04,06
03,06,09,15,35+05,06
03,06,09,17,21+02,07
03,06,09,17,23+03,07
03,06,09,17,31+04,07
03,06,09,17,32+05,07
03,06,09,17,33+05,12
03,06,09,18,21+02,12
03,06,09,18,23+03,12
03,06,09,18,31+04,12
03,06,09,18,32+02,05
03,06,09,18,33+03,05
03,06,09,21,23+04,05
03,06,09,21,26+02,06
03,06,09,21,27+03,06
03,06,09,21,28+04,06
03,06,09,21,31+05,06
03,06,09,21,32+02,07
03,06,09,21,33+03,07
03,06,09,21,35+04,07
03,06,09,23,26+05,07
03,06,09,23,27+05,12
03,06,09,23,28+02,12
03,06,09,23,31+03,12
03,06,09,23,32+04,12
03,06,09,23,33+02,05
03,06,09,23,35+03,05
03,06,09,29,31+04,05
03,06,09,29,32+02,06
03,06,09,31,32+03,06
03,06,09,31,33+04,06
03,06,09,31,35+05,06
03,06,09,32,33+02,07
03,06,09,32,35+03,07
03,06,09,33,35+04,07
03,06,11,13,21+05,07
03,06,11,13,26+05,12
03,06,11,13,27+02,12
03,06,11,13,28+03,12
03,06,11,13,32+04,12
03,06,11,13,33+02,05
03,06,11,13,35+03,05
03,06,11,15,21+04,05
03,06,11,15,23+02,06
03,06,11,15,26+03,06
03,06,11,15,27+04,06
03,06,11,15,28+05,06
03,06,11,15,31+02,07
03,06,11,15,32+03,07
03,06,11,15,33+04,07
03,06,11,15,35+05,07
03,06,11,17,21+05,12
03,06,11,17,26+02,12
03,06,11,17,27+03,12
03,06,11,17,28+04,12
03,06,11,17,32+02,05
03,06,11,17,33+03,05
03,06,11,17,35+04,05
03,06,11,18,21+02,06
03,06,11,18,23+03,06
03,06,11,18,26+04,06
03,06,11,18,27+05,06
03,06,11,18,28+02,07
03,06,11,18,31+03,07
03,06,11,18,32+04,07
03,06,11,18,33+05,07
03,06,11,18,35+05,12
03,06,11,21,23+02,12
03,06,11,21,26+03,12
03,06,11,21,27+04,12
03,06,11,21,28+02,05
03,06,11,21,33+03,05
03,06,11,21,35+04,05
03,06,11,23,26+02,06
03,06,11,23,27+03,06
03,06,11,23,28+04,06
03,06,11,23,32+05,06
03,06,11,23,33+02,07
03,06,11,23,35+03,07
03,06,11,29,32+04,07
03,06,11,29,33+05,07
03,06,11,29,35+05,12
03,06,11,31,33+02,12
03,06,11,31,35+03,12
03,06,11,32,33+04,12
03,06,11,32,35+02,05
03,06,11,33,35+03,05
03,06,13,15,21+04,05
03,06,13,15,23+02,06
03,06,13,15,26+03,06
03,06,13,15,27+04,06
03,06,13,15,28+05,06
03,06,13,15,31+02,07
03,06,13,15,32+03,07
03,06,13,15,33+04,07
03,06,13,15,35+05,07
03,06,13,17,21+05,12
03,06,13,17,26+02,12
03,06,13,17,27+03,12
03,06,13,17,28+04,12
03,06,13,17,32+02,05
03,06,13,17,33+03,05
03,06,13,17,35+04,05
03,06,13,18,21+02,06
03,06,13,18,23+03,06
03,06,13,18,26+04,06
03,06,13,18,27+05,06
03,06,13,18,28+02,07
03,06,13,18,31+03,07
03,06,13,18,32+04,07
03,06,13,18,33+05,07
03,06,13,18,35+05,12
03,06,13,21,23+02,12
03,06,13,21,26+03,12
03,06,13,21,27+04,12
03,06,13,21,28+02,05
03,06,13,21,31+03,05
03,06,13,21,32+04,05
03,06,13,21,33+02,06
03,06,13,21,35+03,06
03,06,13,23,26+04,06
03,06,13,23,27+05,06
03,06,13,23,28+02,07
03,06,13,23,32+03,07
03,06,13,23,33+04,07
03,06,13,23,35+05,07
03,06,13,29,32+05,12
03,06,13,29,33+02,12
03,06,13,29,35+03,12
03,06,13,31,32+04,12
03,06,13,31,33+02,05
03,06,13,31,35+03,05
03,06,13,32,33+04,05
03,06,13,32,35+02,06
03,06,13,33,35+03,06
03,06,14,15,21+04,06
03,06,14,15,23+05,06
03,06,14,15,26+02,07
03,06,14,15,27+03,07
03,06,14,15,28+04,07
03,06,14,15,31+05,07
03,06,14,15,32+05,12
03,06,14,15,33+02,12
03,06,14,15,35+03,12
03,06,14,17,21+04,12
03,06,14,17,23+02,05
03,06,14,17,26+03,05
03,06,14,17,27+04,05
03,06,14,17,28+02,06
03,06,14,17,31+03,06
03,06,14,17,32+04,06
03,06,14,17,33+05,06
03,06,14,17,35+02,07
03,06,14,18,21+03,07
03,06,14,18,23+04,07
03,06,14,18,27+05,07
03,06,14,18,31+05,12
03,06,14,18,33+02,12
03,06,14,18,35+03,12
03,06,14,21,23+04,12
03,06,14,21,26+02,05
03,06,14,21,27+03,05
03,06,14,21,28+04,05
03,06,14,21,31+02,06
03,06,14,21,32+03,06
03,06,14,21,33+04,06
03,06,14,21,35+05,06
03,06,14,23,26+02,07
03,06,14,23,27+03,07
03,06,14,23,28+04,07
03,06,14,23,31+05,07
03,06,14,23,32+05,12
03,06,14,23,33+02,12
03,06,14,23,35+03,12
03,06,14,29,31+04,12
03,06,14,29,32+02,05
03,06,14,29,33+03,05
03,06,14,29,35+04,05
03,06,14,31,32+02,06
03,06,14,31,33+03,06
03,06,14,31,35+04,06
03,06,14,32,33+05,06
03,06,14,32,35+02,07
03,06,14,33,35+03,07
03,06,15,17,21+04,07
03,06,15,17,23+05,07
03,06,15,17,26+05,12
03,06,15,17,27+02,12
03,06,15,17,28+03,12
03,06,15,17,31+04,12
03,06,15,17,32+02,05
03,06,15,17,33+03,05
03,06,15,17,35+04,05
03,06,15,18,21+02,06
03,06,15,18,23+03,06
03,06,15,18,26+04,06
03,06,15,18,27+05,06
03,06,15,18,31+02,07
03,06,15,18,32+03,07
03,06,15,18,33+04,07
03,06,15,18,35+05,07
03,06,15,21,23+05,12
03,06,15,21,26+02,12
03,06,15,21,27+03,12
03,06,15,21,28+04,12
03,06,15,21,31+02,05
03,06,15,21,32+03,05
03,06,15,21,33+04,05
03,06,15,21,35+02,06
03,06,15,23,26+03,06
03,06,15,23,27+04,06
03,06,15,23,28+05,06
03,06,15,23,31+02,07
03,06,15,23,32+03,07
03,06,15,23,33+04,07
03,06,15,23,35+05,07
03,06,15,29,31+05,12
03,06,15,29,32+02,12
03,06,15,29,33+03,12
03,06,15,29,35+04,12
03,06,15,31,32+02,05
03,06,15,31,33+03,05
03,06,15,31,35+04,05
03,06,15,32,33+02,06
03,06,15,32,35+03,06
03,06,15,33,35+04,06
03,06,17,18,21+05,06
03,06,17,18,23+02,07
03,06,17,18,31+03,07
03,06,17,18,32+04,07
03,06,17,18,33+05,07
03,06,17,18,35+05,12
03,06,17,21,23+02,12
03,06,17,21,26+03,12
03,06,17,21,27+04,12
03,06,17,21,28+02,05
03,06,17,21,31+03,05
03,06,17,21,32+04,05
03,06,17,21,33+02,06
03,06,17,21,35+03,06
03,06,17,23,26+04,06
03,06,17,23,27+05,06
03,06,17,23,28+02,07
03,06,17,23,32+03,07
03,06,17,23,33+04,07
03,06,17,23,35+05,07
03,06,17,29,32+05,12
03,06,17,29,33+02,12
03,06,17,31,32+03,12
03,06,17,31,33+04,12
03,06,17,31,35+02,05
03,06,17,32,33+03,05
03,06,17,32,35+04,05
03,06,17,33,35+02,06
03,06,25,29,31+03,06
03,06,25,29,32+04,06
03,06,25,29,33+05,06
03,06,25,29,35+02,07
03,06,25,31,32+03,07
03,06,25,31,33+04,07
03,06,25,31,35+05,07
03,06,25,32,33+05,12
03,06,25,32,35+02,12
03,06,25,33,35+03,12
03,06,27,29,31+04,12
03,06,27,29,32+02,05
03,06,27,29,33+03,05
03,06,27,31,32+04,05
03,06,27,31,33+02,06
03,06,27,31,35+03,06
03,06,27,32,33+04,06
03,06,27,32,35+05,06
03,06,27,33,35+02,07
03,06,29,31,32+03,07
03,06,29,31,33+04,07
03,06,29,31,35+05,07
03,06,29,32,33+05,12
03,06,29,32,35+02,12
03,06,29,33,35+03,12
03,07,09,13,26+04,12
03,07,09,13,32+02,05
03,07,09,15,32+03,05
03,07,09,17,32+04,05
03,07,09,18,21+02,06
03,07,09,18,31+03,06
03,07,09,18,32+04,06
03,07,09,21,26+05,06
03,07,09,21,28+02,07
03,07,09,21,32+03,07
03,07,09,23,26+04,07
03,07,09,23,32+05,07
03,07,09,31,32+05,12
03,07,09,32,33+02,12
03,07,09,32,35+03,12
03,07,11,15,26+04,12
03,07,11,15,28+02,05
03,07,11,15,32+03,05
03,07,11,18,21+04,05
03,07,11,18,26+02,06
03,07,11,18,27+03,06
03,07,11,18,28+04,06
03,07,11,18,32+05,06
03,07,11,18,33+02,07
03,07,11,18,35+03,07
03,07,11,21,26+04,07
03,07,11,21,28+05,07
03,07,11,21,32+05,12
03,07,11,32,33+02,12
03,07,11,32,35+03,12
03,07,13,15,26+04,12
03,07,13,15,28+02,05
03,07,13,15,32+03,05
03,07,13,18,21+04,05
03,07,13,18,26+02,06
03,07,13,18,27+03,06
03,07,13,18,28+04,06
03,07,13,18,32+05,06
03,07,13,18,33+02,07
03,07,13,18,35+03,07
03,07,13,21,26+04,07
03,07,13,21,28+05,07
03,07,13,21,32+05,12
03,07,13,32,33+02,12
03,07,13,32,35+03,12
03,07,14,15,21+04,12
03,07,14,15,23+02,05
03,07,14,15,26+03,05
03,07,14,15,27+04,05
03,07,14,15,28+02,06
03,07,14,15,31+03,06
03,07,14,15,32+04,06
03,07,14,15,33+05,06
03,07,14,15,35+02,07
03,07,14,17,21+03,07
03,07,14,17,26+04,07
03,07,14,17,27+05,07
03,07,14,17,28+05,12
03,07,14,17,32+02,12
03,07,14,17,33+03,12
03,07,14,17,35+04,12
03,07,14,18,21+02,05
03,07,14,18,23+03,05
03,07,14,18,26+04,05
03,07,14,18,27+02,06
03,07,14,18,31+03,06
03,07,14,18,32+04,06
03,07,14,18,33+05,06
03,07,14,18,35+02,07
03,07,14,21,23+03,07
03,07,14,21,26+04,07
03,07,14,21,27+05,07
03,07,14,21,28+05,12
03,07,14,21,31+02,12
03,07,14,21,32+03,12
03,07,14,21,33+04,12
03,07,14,21,35+02,05
03,07,14,23,26+03,05
03,07,14,23,27+04,05
03,07,14,23,28+02,06
03,07,14,23,32+03,06
03,07,14,23,33+04,06
03,07,14,23,35+05,06
03,07,14,29,32+02,07
03,07,14,29,33+03,07
03,07,14,29,35+04,07
03,07,14,31,32+05,07
03,07,14,31,33+05,12
03,07,14,31,35+02,12
03,07,14,32,33+03,12
03,07,14,32,35+04,12
03,07,14,33,35+02,05
03,07,15,17,26+03,05
03,07,15,17,32+04,05
03,07,15,18,21+02,06
03,07,15,18,23+03,06
03,07,15,18,26+04,06
03,07,15,18,31+05,06
03,07,15,18,32+02,07
03,07,15,18,33+03,07
03,07,15,18,35+04,07
03,07,15,21,26+05,07
03,07,15,21,28+05,12
03,07,15,21,32+02,12
03,07,15,23,26+03,12
03,07,15,23,28+04,12
03,07,15,23,32+02,05
03,07,15,29,32+03,05
03,07,15,31,32+04,05
03,07,15,32,33+02,06
03,07,15,32,35+03,06
03,07,17,18,21+04,06
03,07,17,18,32+05,06
03,07,17,18,33+02,07
03,07,17,21,26+03,07
03,07,17,21,28+04,07
03,07,17,21,32+05,07
03,07,17,32,33+05,12
03,07,17,32,35+02,12
03,07,25,29,32+03,12
03,07,25,31,32+04,12
03,07,25,32,33+02,05
03,07,25,32,35+03,05
03,07,27,29,32+04,05
03,07,27,31,32+02,06
03,07,27,32,33+03,06
03,07,27,32,35+04,06
03,07,29,32,33+05,06
03,07,29,32,35+02,07
03,08,09,13,21+03,07
03,08,09,13,23+04,07
03,08,09,13,26+05,07
03,08,09,13,31+05,12
03,08,09,13,32+02,12
03,08,09,13,33+03,12
03,08,09,13,35+04,12
03,08,09,15,21+02,05
03,08,09,15,23+03,05
03,08,09,15,31+04,05
03,08,09,15,32+02,06
03,08,09,15,33+03,06
03,08,09,17,21+04,06
03,08,09,17,31+05,06
03,08,09,17,32+02,07
03,08,09,18,21+03,07
03,08,09,18,31+04,07
03,08,09,21,23+05,07
03,08,09,21,26+05,12
03,08,09,21,27+02,12
03,08,09,21,28+03,12
03,08,09,21,31+04,12
03,08,09,21,32+02,05
03,08,09,21,33+03,05
03,08,09,21,35+04,05
03,08,09,23,26+02,06
03,08,09,23,31+03,06
03,08,09,23,32+04,06
03,08,09,23,33+05,06
03,08,09,23,35+02,07
03,08,09,31,32+03,07
03,08,09,31,33+04,07
03,08,09,31,35+05,07
03,08,09,32,33+05,12
03,08,09,32,35+02,12
03,08,09,33,35+03,12
03,08,11,13,21+04,12
03,08,11,13,26+02,05
03,08,11,13,27+03,05
03,08,11,13,28+04,05
03,08,11,13,32+02,06
03,08,11,13,33+03,06
03,08,11,13,35+04,06
03,08,11,15,21+05,06
03,08,11,15,23+02,07
03,08,11,15,26+03,07
03,08,11,15,27+04,07
03,08,11,15,28+05,07
03,08,11,15,31+05,12
03,08,11,15,32+02,12
03,08,11,15,33+03,12
03,08,11,15,35+04,12
03,08,11,17,21+02,05
03,08,11,17,26+03,05
03,08,11,17,27+04,05
03,08,11,17,28+02,06
03,08,11,17,32+03,06
03,08,11,17,33+04,06
03,08,11,17,35+05,06
03,08,11,18,21+02,07
03,08,11,18,23+03,07
03,08,11,18,26+04,07
03,08,11,18,27+05,07
03,08,11,18,28+05,12
03,08,11,18,31+02,12
03,08,11,18,32+03,12
03,08,11,18,33+04,12
03,08,11,18,35+02,05
03,08,11,21,23+03,05
03,08,11,21,26+04,05
03,08,11,21,27+02,06
03,08,11,21,28+03,06
03,08,11,21,31+04,06
03,08,11,21,32+05,06
03,08,11,21,33+02,07
03,08,11,21,35+03,07
03,08,11,23,26+04,07
03,08,11,23,27+05,07
03,08,11,23,28+05,12
03,08,11,23,32+02,12
03,08,11,23,33+03,12
03,08,11,23,35+04,12
03,08,11,29,32+02,05
03,08,11,29,33+03,05
03,08,11,29,35+04,05
03,08,11,31,32+02,06
03,08,11,31,33+03,06
03,08,11,31,35+04,06
03,08,11,32,33+05,06
03,08,11,32,35+02,07
03,08,11,33,35+03,07
03,08,13,15,21+04,07
03,08,13,15,23+05,07
03,08,13,15,26+05,12
03,08,13,15,27+02,12
03,08,13,15,28+03,12
03,08,13,15,31+04,12
03,08,13,15,32+02,05
03,08,13,15,33+03,05
03,08,13,15,35+04,05
03,08,13,17,21+02,06
03,08,13,17,26+03,06
03,08,13,17,27+04,06
03,08,13,17,28+05,06
03,08,13,17,32+02,07
03,08,13,17,33+03,07
03,08,13,17,35+04,07
03,08,13,18,21+05,07
03,08,13,18,23+05,12
03,08,13,18,26+02,12
03,08,13,18,27+03,12
03,08,13,18,31+04,12
03,08,13,18,32+02,05
03,08,13,18,33+03,05
03,08,13,18,35+04,05
03,08,13,21,23+02,06
03,08,13,21,26+03,06
03,08,13,21,27+04,06
03,08,13,21,28+05,06
03,08,13,21,31+02,07
03,08,13,21,32+03,07
03,08,13,21,33+04,07
03,08,13,21,35+05,07
03,08,13,23,26+05,12
03,08,13,23,27+02,12
03,08,13,23,28+03,12
03,08,13,23,32+04,12
03,08,13,23,33+02,05
03,08,13,23,35+03,05
03,08,13,29,32+04,05
03,08,13,29,33+02,06
03,08,13,29,35+03,06
03,08,13,31,32+04,06
03,08,13,31,33+05,06
03,08,13,31,35+02,07
03,08,13,32,33+03,07
03,08,13,32,35+04,07
03,08,13,33,35+05,07
03,08,14,15,21+05,12
03,08,14,15,23+02,12
03,08,14,15,26+03,12
03,08,14,15,27+04,12
03,08,14,15,28+02,05
03,08,14,15,31+03,05
03,08,14,15,32+04,05
03,08,14,15,33+02,06
03,08,14,15,35+03,06
03,08,14,17,21+04,06
03,08,14,17,23+05,06
03,08,14,17,26+02,07
03,08,14,17,27+03,07
03,08,14,17,31+04,07
03,08,14,17,32+05,07
03,08,14,17,33+05,12
03,08,14,17,35+02,12
03,08,14,18,21+03,12
03,08,14,18,23+04,12
03,08,14,18,31+02,05
03,08,14,18,33+03,05
03,08,14,18,35+04,05
03,08,14,21,23+02,06
03,08,14,21,26+03,06
03,08,14,21,27+04,06
03,08,14,21,28+05,06
03,08,14,21,31+02,07
03,08,14,21,32+03,07
03,08,14,21,33+04,07
03,08,14,21,35+05,07
03,08,14,23,26+05,12
03,08,14,23,27+02,12
03,08,14,23,28+03,12
03,08,14,23,31+04,12
03,08,14,23,32+02,05
03,08,14,23,33+03,05
03,08,14,23,35+04,05
03,08,14,29,31+02,06
03,08,14,29,32+03,06
03,08,14,29,33+04,06
03,08,14,29,35+05,06
03,08,14,31,32+02,07
03,08,14,31,33+03,07
03,08,14,31,35+04,07
03,08,14,32,33+05,07
03,08,14,32,35+05,12
03,08,14,33,35+02,12
03,08,15,17,21+03,12
03,08,15,17,23+04,12
03,08,15,17,26+02,05
03,08,15,17,31+03,05
03,08,15,17,32+04,05
03,08,15,17,33+02,06
03,08,15,17,35+03,06
03,08,15,18,21+04,06
03,08,15,18,23+05,06
03,08,15,18,31+02,07
03,08,15,18,32+03,07
03,08,15,18,33+04,07
03,08,15,18,35+05,07
03,08,15,21,23+05,12
03,08,15,21,26+02,12
03,08,15,21,27+03,12
03,08,15,21,28+04,12
03,08,15,21,31+02,05
03,08,15,21,32+03,05
03,08,15,21,33+04,05
03,08,15,21,35+02,06
03,08,15,23,26+03,06
03,08,15,23,27+04,06
03,08,15,23,28+05,06
03,08,15,23,31+02,07
03,08,15,23,32+03,07
03,08,15,23,33+04,07
03,08,15,23,35+05,07
03,08,15,29,31+05,12
03,08,15,29,32+02,12
03,08,15,29,33+03,12
03,08,15,31,32+04,12
03,08,15,31,33+02,05
03,08,15,31,35+03,05
03,08,15,32,33+04,05
03,08,15,32,35+02,06
03,08,15,33,35+03,06
03,08,17,18,21+04,06
03,08,17,18,23+05,06
03,08,17,18,31+02,07
03,08,17,18,32+03,07
03,08,17,18,33+04,07
03,08,17,21,23+05,07
03,08,17,21,26+05,12
03,08,17,21,27+02,12
03,08,17,21,28+03,12
03,08,17,21,31+04,12
03,08,17,21,32+02,05
03,08,17,21,33+03,05
03,08,17,21,35+04,05
03,08,17,23,26+02,06
03,08,17,23,27+03,06
03,08,17,23,28+04,06
03,08,17,23,32+05,06
03,08,17,23,33+02,07
03,08,17,23,35+03,07
03,08,17,29,32+04,07
03,08,17,31,32+05,07
03,08,17,31,33+05,12
03,08,17,31,35+02,12
03,08,17,32,33+03,12
03,08,17,32,35+04,12
03,08,17,33,35+02,05
03,08,25,29,31+03,05
03,08,25,29,32+04,05
03,08,25,29,33+02,06
03,08,25,31,32+03,06
03,08,25,31,33+04,06
03,08,25,31,35+05,06
03,08,25,32,33+02,07
03,08,25,32,35+03,07
03,08,25,33,35+04,07
03,08,27,29,31+05,07
03,08,27,29,32+05,12
03,08,27,31,32+02,12
03,08,27,31,33+03,12
03,08,27,31,35+04,12
03,08,27,32,33+02,05
03,08,27,32,35+03,05
03,08,27,33,35+04,05
03,08,29,31,32+02,06
03,08,29,31,33+03,06
03,08,29,31,35+04,06
03,08,29,32,33+05,06
03,08,29,32,35+02,07
03,08,29,33,35+03,07
03,10,11,13,27+04,07
03,10,11,13,28+05,07
03,10,11,15,26+05,12
03,10,11,15,27+02,12
03,10,11,15,28+03,12
03,10,11,15,35+04,12
03,10,11,17,26+02,05
03,10,11,17,27+03,05
03,10,11,17,28+04,05
03,10,11,17,33+02,06
03,10,11,17,35+03,06
03,10,11,18,23+04,06
03,10,11,18,26+05,06
03,10,11,18,27+02,07
03,10,11,18,28+03,07
03,10,11,18,32+04,07
03,10,11,18,33+05,07
03,10,11,18,35+05,12
03,10,11,23,27+02,12
03,10,11,23,28+03,12
03,10,11,29,32+04,12
03,10,11,29,33+02,05
03,10,11,29,35+03,05
03,10,13,15,23+04,05
03,10,13,15,26+02,06
03,10,13,15,27+03,06
03,10,13,15,28+04,06
03,10,13,15,33+05,06
03,10,13,15,35+02,07
03,10,13,17,21+03,07
03,10,13,17,26+04,07
03,10,13,17,27+05,07
03,10,13,17,28+05,12
03,10,13,17,32+02,12
03,10,13,17,33+03,12
03,10,13,17,35+04,12
03,10,13,18,21+02,05
03,10,13,18,23+03,05
03,10,13,18,26+04,05
03,10,13,18,27+02,06
03,10,13,18,28+03,06
03,10,13,18,31+04,06
03,10,13,18,32+05,06
03,10,13,18,33+02,07
03,10,13,18,35+03,07
03,10,13,21,27+04,07
03,10,13,21,28+05,07
03,10,13,23,26+05,12
03,10,13,23,27+02,12
03,10,13,23,28+03,12
03,10,13,23,35+04,12
03,10,13,29,32+02,05
03,10,13,29,33+03,05
03,10,13,29,35+04,05
03,10,13,33,35+02,06
03,10,14,15,23+03,06
03,10,14,15,26+04,06
03,10,14,15,27+05,06
03,10,14,15,28+02,07
03,10,14,15,32+03,07
03,10,14,15,33+04,07
03,10,14,15,35+05,07
03,10,14,17,21+05,12
03,10,14,17,23+02,12
03,10,14,17,26+03,12
03,10,14,17,27+04,12
03,10,14,17,28+02,05
03,10,14,17,31+03,05
03,10,14,17,32+04,05
03,10,14,17,33+02,06
03,10,14,17,35+03,06
03,10,14,18,21+04,06
03,10,14,18,23+05,06
03,10,14,18,27+02,07
03,10,14,18,31+03,07
03,10,14,18,33+04,07
03,10,14,18,35+05,07
03,10,14,21,26+05,12
03,10,14,21,27+02,12
03,10,14,21,28+03,12
03,10,14,23,26+04,12
03,10,14,23,27+02,05
03,10,14,23,28+03,05
03,10,14,23,35+04,05
03,10,14,29,31+02,06
03,10,14,29,32+03,06
03,10,14,29,33+04,06
03,10,14,29,35+05,06
03,10,14,32,35+02,07
03,10,14,33,35+03,07
03,10,15,17,21+04,07
03,10,15,17,23+05,07
03,10,15,17,26+05,12
03,10,15,17,27+02,12
03,10,15,17,28+03,12
03,10,15,17,31+04,12
03,10,15,17,32+02,05
03,10,15,17,33+03,05
03,10,15,17,35+04,05
03,10,15,18,21+02,06
03,10,15,18,23+03,06
03,10,15,18,26+04,06
03,10,15,18,27+05,06
03,10,15,18,28+02,07
03,10,15,18,31+03,07
03,10,15,18,32+04,07
03,10,15,18,33+05,07
03,10,15,18,35+05,12
03,10,15,21,26+02,12
03,10,15,21,27+03,12
03,10,15,21,28+04,12
03,10,15,21,35+02,05
03,10,15,23,26+03,05
03,10,15,23,27+04,05
03,10,15,23,28+02,06
03,10,15,23,33+03,06
03,10,15,23,35+04,06
03,10,15,29,31+05,06
03,10,15,29,32+02,07
03,10,15,29,33+03,07
03,10,15,29,35+04,07
03,10,15,31,35+05,07
03,10,15,32,35+05,12
03,10,15,33,35+02,12
03,10,17,18,21+03,12
03,10,17,18,23+04,12
03,10,17,18,26+02,05
03,10,17,18,27+03,05
03,10,17,18,28+04,05
03,10,17,18,31+02,06
03,10,17,18,32+03,06
03,10,17,18,33+04,06
03,10,17,18,35+05,06
03,10,17,21,23+02,07
03,10,17,21,26+03,07
03,10,17,21,27+04,07
03,10,17,21,28+05,07
03,10,17,21,33+05,12
03,10,17,21,35+02,12
03,10,17,23,26+03,12
03,10,17,23,27+04,12
03,10,17,23,28+02,05
03,10,17,23,32+03,05
03,10,17,23,33+04,05
03,10,17,23,35+02,06
03,10,17,29,32+03,06
03,10,17,29,33+04,06
03,10,17,29,35+05,06
03,10,17,31,33+02,07
03,10,17,31,35+03,07
03,10,17,32,33+04,07
03,10,17,32,35+05,07
03,10,17,33,35+05,12
03,10,25,29,31+02,12
03,10,25,29,32+03,12
03,10,25,29,33+04,12
03,10,25,29,35+02,05
03,10,25,31,35+03,05
03,10,25,32,35+04,05
03,10,25,33,35+02,06
03,10,27,29,31+03,06
03,10,27,29,32+04,06
03,10,27,29,33+05,06
03,10,27,29,35+02,07
03,10,27,31,33+03,07
03,10,27,31,35+04,07
03,10,27,32,33+05,07
03,10,27,32,35+05,12
03,10,27,33,35+02,12
03,10,29,31,32+03,12
03,10,29,31,33+04,12
03,10,29,31,35+02,05
03,10,29,32,33+03,05
03,10,29,32,35+04,05
03,10,29,33,35+02,06
03,16,17,18,21+03,06
03,16,17,18,23+04,06
03,16,17,18,31+05,06
03,16,17,18,32+02,07
03,16,17,18,33+03,07
03,16,17,18,35+04,07
03,16,17,21,23+05,07
03,16,17,21,26+05,12
03,16,17,21,27+02,12
03,16,17,21,28+03,12
03,16,17,21,31+04,12
03,16,17,21,32+02,05
03,16,17,21,33+03,05
03,16,17,21,35+04,05
03,16,17,23,26+02,06
03,16,17,23,27+03,06
03,16,17,23,28+04,06
03,16,17,23,32+05,06
03,16,17,23,33+02,07
03,16,17,23,35+03,07
03,16,17,29,32+04,07
03,16,17,29,33+05,07
03,16,17,31,32+05,12
03,16,17,31,33+02,12
03,16,17,31,35+03,12
03,16,17,32,33+04,12
03,16,17,32,35+02,05
03,16,17,33,35+03,05
03,16,25,29,31+04,05
03,16,25,29,32+02,06
03,16,25,29,33+03,06
03,16,25,29,35+04,06
03,16,25,31,32+05,06
03,16,25,31,33+02,07
03,16,25,31,35+03,07
03,16,25,32,33+04,07
03,16,25,32,35+05,07
03,16,25,33,35+05,12
03,16,27,29,31+02,12
03,16,27,29,32+03,12
03,16,27,29,33+04,12
03,16,27,31,32+02,05
03,16,27,31,33+03,05
03,16,27,31,35+04,05
03,16,27,32,33+02,06
03,16,27,32,35+03,06
03,16,27,33,35+04,06
03,16,29,31,32+05,06
03,16,29,31,33+02,07
03,16,29,31,35+03,07
03,16,29,32,33+04,07
03,16,29,32,35+05,07
03,16,29,33,35+05,12
03,17,25,29,32+02,12
03,17,25,31,32+03,12
03,17,25,32,33+04,12
03,17,25,32,35+02,05
03,17,27,29,32+03,05
03,17,27,31,32+04,05
03,17,27,32,33+02,06
03,17,27,32,35+03,06
03,17,29,32,33+04,06
03,17,29,32,35+05,06
07,08,09,13,21+02,07
07,08,09,13,31+03,07
07,08,09,13,32+04,07
07,08,09,21,23+05,07
07,08,09,21,31+05,12
07,08,09,21,32+02,12
07,08,09,21,33+03,12
07,08,09,23,31+04,12
07,08,09,23,32+02,05
07,08,09,31,32+03,05
07,08,09,31,33+04,05
07,08,09,32,33+02,06
07,08,11,13,21+03,06
07,08,11,13,26+04,06
07,08,11,13,27+05,06
07,08,11,13,28+02,07
07,08,11,13,32+03,07
07,08,11,13,33+04,07
07,08,11,13,35+05,07
07,08,11,15,21+05,12
07,08,11,15,23+02,12
07,08,11,15,26+03,12
07,08,11,15,27+04,12
07,08,11,15,28+02,05
07,08,11,15,31+03,05
07,08,11,15,32+04,05
07,08,11,15,33+02,06
07,08,11,15,35+03,06
07,08,11,17,21+04,06
07,08,11,17,26+05,06
07,08,11,17,32+02,07
07,08,11,17,33+03,07
07,08,11,17,35+04,07
07,08,11,18,21+05,07
07,08,11,18,23+05,12
07,08,11,18,31+02,12
07,08,11,18,32+03,12
07,08,11,18,33+04,12
07,08,11,18,35+02,05
07,08,11,21,23+03,05
07,08,11,21,26+04,05
07,08,11,21,27+02,06
07,08,11,21,28+03,06
07,08,11,21,31+04,06
07,08,11,21,32+05,06
07,08,11,21,33+02,07
07,08,11,21,35+03,07
07,08,11,23,26+04,07
07,08,11,23,27+05,07
07,08,11,23,28+05,12
07,08,11,23,32+02,12
07,08,11,23,33+03,12
07,08,11,23,35+04,12
07,08,11,29,32+02,05
07,08,11,29,33+03,05
07,08,11,31,32+04,05
07,08,11,31,33+02,06
07,08,11,31,35+03,06
07,08,11,32,33+04,06
07,08,11,32,35+05,06
07,08,11,33,35+02,07
07,08,13,15,21+03,07
07,08,13,15,23+04,07
07,08,13,15,26+05,07
07,08,13,15,31+05,12
07,08,13,15,32+02,12
07,08,13,15,33+03,12
07,08,13,15,35+04,12
07,08,13,17,21+02,05
07,08,13,17,32+03,05
07,08,13,17,33+04,05
07,08,13,18,21+02,06
07,08,13,18,23+03,06
07,08,13,18,31+04,06
07,08,13,18,32+05,06
07,08,13,18,33+02,07
07,08,13,21,23+03,07
07,08,13,21,26+04,07
07,08,13,21,27+05,07
07,08,13,21,28+05,12
07,08,13,21,31+02,12
07,08,13,21,32+03,12
07,08,13,21,33+04,12
07,08,13,21,35+02,05
07,08,13,23,26+03,05
07,08,13,23,27+04,05
07,08,13,23,28+02,06
07,08,13,23,32+03,06
07,08,13,23,33+04,06
07,08,13,23,35+05,06
07,08,13,29,32+02,07
07,08,13,31,32+03,07
07,08,13,31,33+04,07
07,08,13,31,35+05,07
07,08,13,32,33+05,12
07,08,13,32,35+02,12
07,08,13,33,35+03,12
07,08,14,15,21+04,12
07,08,14,15,23+02,05
07,08,14,15,31+03,05
07,08,14,15,32+04,05
07,08,14,15,33+02,06
07,08,14,15,35+03,06
07,08,14,17,21+04,06
07,08,14,17,23+05,06
07,08,14,17,31+02,07
07,08,14,17,32+03,07
07,08,14,17,33+04,07
07,08,14,18,21+05,07
07,08,14,18,31+05,12
07,08,14,21,23+02,12
07,08,14,21,26+03,12
07,08,14,21,27+04,12
07,08,14,21,28+02,05
07,08,14,21,31+03,05
07,08,14,21,32+04,05
07,08,14,21,33+02,06
07,08,14,21,35+03,06
07,08,14,23,26+04,06
07,08,14,23,27+05,06
07,08,14,23,31+02,07
07,08,14,23,32+03,07
07,08,14,23,33+04,07
07,08,14,23,35+05,07
07,08,14,29,31+05,12
07,08,14,31,32+02,12
07,08,14,31,33+03,12
07,08,14,31,35+04,12
07,08,14,32,33+02,05
07,08,14,32,35+03,05
07,08,14,33,35+04,05
07,08,15,17,21+02,06
07,08,15,17,31+03,06
07,08,15,17,32+04,06
07,08,15,18,21+05,06
07,08,15,18,31+02,07
07,08,15,21,23+03,07
07,08,15,21,26+04,07
07,08,15,21,27+05,07
07,08,15,21,28+05,12
07,08,15,21,31+02,12
07,08,15,21,32+03,12
07,08,15,21,33+04,12
07,08,15,21,35+02,05
07,08,15,23,26+03,05
07,08,15,23,31+04,05
07,08,15,23,32+02,06
07,08,15,23,33+03,06
07,08,15,23,35+04,06
07,08,15,31,32+05,06
07,08,15,31,33+02,07
07,08,15,31,35+03,07
07,08,15,32,33+04,07
07,08,15,32,35+05,07
07,08,15,33,35+05,12
07,08,17,21,23+02,12
07,08,17,21,26+03,12
07,08,17,21,31+04,12
07,08,17,21,32+02,05
07,08,17,21,33+03,05
07,08,17,21,35+04,05
07,08,17,23,32+02,06
07,08,17,23,33+03,06
07,08,17,31,32+04,06
07,08,17,31,33+05,06
07,08,17,31,35+02,07
07,08,17,32,33+03,07
07,08,17,32,35+04,07
07,08,25,31,32+05,07
07,08,25,31,33+05,12
07,08,25,31,35+02,12
07,08,25,32,33+03,12
07,08,25,32,35+04,12
07,08,25,33,35+02,05
07,08,27,31,32+03,05
07,08,27,31,33+04,05
07,08,27,31,35+02,06
07,08,27,32,33+03,06
07,08,27,32,35+04,06
07,08,29,31,32+05,06
07,08,29,31,33+02,07
07,08,29,32,33+03,07
07,10,11,13,26+04,07
07,10,11,13,27+05,07
07,10,11,13,28+05,12
07,10,11,13,33+02,12
07,10,11,13,35+03,12
07,10,11,15,21+04,12
07,10,11,15,23+02,05
07,10,11,15,26+03,05
07,10,11,15,27+04,05
07,10,11,15,28+02,06
07,10,11,15,31+03,06
07,10,11,15,32+04,06
07,10,11,15,33+05,06
07,10,11,15,35+02,07
07,10,11,17,21+03,07
07,10,11,17,26+04,07
07,10,11,17,27+05,07
07,10,11,17,28+05,12
07,10,11,17,32+02,12
07,10,11,17,33+03,12
07,10,11,17,35+04,12
07,10,11,18,21+02,05
07,10,11,18,23+03,05
07,10,11,18,26+04,05
07,10,11,18,27+02,06
07,10,11,18,28+03,06
07,10,11,18,31+04,06
07,10,11,18,32+05,06
07,10,11,18,33+02,07
07,10,11,18,35+03,07
07,10,11,21,26+04,07
07,10,11,21,27+05,07
07,10,11,21,28+05,12
07,10,11,21,35+02,12
07,10,11,23,26+03,12
07,10,11,23,27+04,12
07,10,11,23,28+02,05
07,10,11,23,33+03,05
07,10,11,23,35+04,05
07,10,11,29,32+02,06
07,10,11,29,33+03,06
07,10,11,29,35+04,06
07,10,11,31,35+05,06
07,10,11,32,35+02,07
07,10,11,33,35+03,07
07,10,13,15,21+04,07
07,10,13,15,23+05,07
07,10,13,15,26+05,12
07,10,13,15,27+02,12
07,10,13,15,28+03,12
07,10,13,15,31+04,12
07,10,13,15,32+02,05
07,10,13,15,33+03,05
07,10,13,15,35+04,05
07,10,13,17,21+02,06
07,10,13,17,26+03,06
07,10,13,17,27+04,06
07,10,13,17,28+05,06
07,10,13,17,32+02,07
07,10,13,17,33+03,07
07,10,13,17,35+04,07
07,10,13,18,21+05,07
07,10,13,18,23+05,12
07,10,13,18,26+02,12
07,10,13,18,27+03,12
07,10,13,18,28+04,12
07,10,13,18,31+02,05
07,10,13,18,32+03,05
07,10,13,18,33+04,05
07,10,13,18,35+02,06
07,10,13,21,23+03,06
07,10,13,21,26+04,06
07,10,13,21,27+05,06
07,10,13,21,28+02,07
07,10,13,21,33+03,07
07,10,13,21,35+04,07
07,10,13,23,26+05,07
07,10,13,23,27+05,12
07,10,13,23,28+02,12
07,10,13,23,32+03,12
07,10,13,23,33+04,12
07,10,13,23,35+02,05
07,10,13,29,32+03,05
07,10,13,29,33+04,05
07,10,13,29,35+02,06
07,10,13,31,33+03,06
07,10,13,31,35+04,06
07,10,13,32,33+05,06
07,10,13,32,35+02,07
07,10,13,33,35+03,07
07,10,14,15,21+04,07
07,10,14,15,23+05,07
07,10,14,15,26+05,12
07,10,14,15,27+02,12
07,10,14,15,28+03,12
07,10,14,15,31+04,12
07,10,14,15,32+02,05
07,10,14,15,33+03,05
07,10,14,15,35+04,05
07,10,14,17,21+02,06
07,10,14,17,23+03,06
07,10,14,17,26+04,06
07,10,14,17,27+05,06
07,10,14,17,28+02,07
07,10,14,17,31+03,07
07,10,14,17,32+04,07
07,10,14,17,33+05,07
07,10,14,17,35+05,12
07,10,14,18,21+02,12
07,10,14,18,23+03,12
07,10,14,18,27+04,12
07,10,14,18,31+02,05
07,10,14,18,33+03,05
07,10,14,18,35+04,05
07,10,14,21,23+02,06
07,10,14,21,26+03,06
07,10,14,21,27+04,06
07,10,14,21,28+05,06
07,10,14,21,32+02,07
07,10,14,21,33+03,07
07,10,14,21,35+04,07
07,10,14,23,26+05,07
07,10,14,23,27+05,12
07,10,14,23,28+02,12
07,10,14,23,31+03,12
07,10,14,23,32+04,12
07,10,14,23,33+02,05
07,10,14,23,35+03,05
07,10,14,29,31+04,05
07,10,14,29,32+02,06
07,10,14,29,33+03,06
07,10,14,29,35+04,06
07,10,14,31,32+05,06
07,10,14,31,33+02,07
07,10,14,31,35+03,07
07,10,14,32,33+04,07
07,10,14,32,35+05,07
07,10,14,33,35+05,12
07,10,15,17,21+02,12
07,10,15,17,23+03,12
07,10,15,17,26+04,12
07,10,15,17,27+02,05
07,10,15,17,28+03,05
07,10,15,17,31+04,05
07,10,15,17,32+02,06
07,10,15,17,33+03,06
07,10,15,17,35+04,06
07,10,15,18,21+05,06
07,10,15,18,23+02,07
07,10,15,18,26+03,07
07,10,15,18,27+04,07
07,10,15,18,28+05,07
07,10,15,18,31+05,12
07,10,15,18,32+02,12
07,10,15,18,33+03,12
07,10,15,18,35+04,12
07,10,15,21,23+02,05
07,10,15,21,26+03,05
07,10,15,21,27+04,05
07,10,15,21,28+02,06
07,10,15,21,31+03,06
07,10,15,21,32+04,06
07,10,15,21,33+05,06
07,10,15,21,35+02,07
07,10,15,23,26+03,07
07,10,15,23,27+04,07
07,10,15,23,28+05,07
07,10,15,23,31+05,12
07,10,15,23,32+02,12
07,10,15,23,33+03,12
07,10,15,23,35+04,12
07,10,15,29,31+02,05
07,10,15,29,32+03,05
07,10,15,29,33+04,05
07,10,15,29,35+02,06
07,10,15,31,32+03,06
07,10,15,31,33+04,06
07,10,15,31,35+05,06
07,10,15,32,33+02,07
07,10,15,32,35+03,07
07,10,15,33,35+04,07
07,10,17,18,21+05,07
07,10,17,18,23+05,12
07,10,17,18,26+02,12
07,10,17,18,27+03,12
07,10,17,18,31+04,12
07,10,17,18,32+02,05
07,10,17,18,33+03,05
07,10,17,18,35+04,05
07,10,17,21,23+02,06
07,10,17,21,26+03,06
07,10,17,21,27+04,06
07,10,17,21,28+05,06
07,10,17,21,31+02,07
07,10,17,21,32+03,07
07,10,17,21,33+04,07
07,10,17,21,35+05,07
07,10,17,23,26+05,12
07,10,17,23,27+02,12
07,10,17,23,28+03,12
07,10,17,23,32+04,12
07,10,17,23,33+02,05
07,10,17,23,35+03,05
07,10,17,29,32+04,05
07,10,17,29,33+02,06
07,10,17,29,35+03,06
07,10,17,31,32+04,06
07,10,17,31,33+05,06
07,10,17,31,35+02,07
07,10,17,32,33+03,07
07,10,17,32,35+04,07
07,10,17,33,35+05,07
07,10,25,29,31+05,12
07,10,25,29,32+02,12
07,10,25,29,33+03,12
07,10,25,29,35+04,12
07,10,25,31,32+02,05
07,10,25,31,33+03,05
07,10,25,31,35+04,05
07,10,25,32,33+02,06
07,10,25,32,35+03,06
07,10,25,33,35+04,06
07,10,27,29,31+05,06
07,10,27,29,32+02,07
07,10,27,29,33+03,07
07,10,27,29,35+04,07
07,10,27,31,32+05,07
07,10,27,31,33+05,12
07,10,27,31,35+02,12
07,10,27,32,33+03,12
07,10,27,32,35+04,12
07,10,27,33,35+02,05
07,10,29,31,32+03,05
07,10,29,31,33+04,05
07,10,29,31,35+02,06
07,10,29,32,33+03,06
07,10,29,32,35+04,06
07,10,29,33,35+05,06
07,16,17,18,21+02,07
07,16,17,18,31+03,07
07,16,17,21,23+04,07
07,16,17,21,26+05,07
07,16,17,21,27+05,12
07,16,17,21,28+02,12
07,16,17,21,31+03,12
07,16,17,21,32+04,12
07,16,17,21,33+02,05
07,16,17,21,35+03,05
07,16,17,23,26+04,05
07,16,17,23,32+02,06
07,16,17,23,33+03,06
07,16,17,23,35+04,06
07,16,17,31,32+05,06
07,16,17,31,33+02,07
07,16,17,31,35+03,07
07,16,17,32,33+04,07
07,16,17,32,35+05,07
07,16,17,33,35+05,12
07,16,25,29,31+02,12
07,16,25,29,32+03,12
07,16,25,31,32+04,12
07,16,25,31,33+02,05
07,16,25,31,35+03,05
07,16,25,32,33+04,05
07,16,25,32,35+02,06
07,16,25,33,35+03,06
07,16,27,31,32+04,06
07,16,27,31,33+05,06
07,16,27,31,35+02,07
07,16,27,32,33+03,07
07,16,27,32,35+04,07
07,16,27,33,35+05,07
07,16,29,31,32+05,12
07,16,29,31,33+02,12
07,16,29,31,35+03,12
07,16,29,32,33+04,12
07,16,29,32,35+02,05
07,17,25,31,32+03,05
07,17,25,32,33+04,05
07,17,25,32,35+02,06
07,17,27,31,32+03,06
07,17,27,32,33+04,06
07,17,27,32,35+05,06
07,17,29,32,33+02,07
08,10,11,13,23+03,07
08,10,11,13,26+04,07
08,10,11,13,27+05,07
08,10,11,13,28+05,12
08,10,11,13,32+02,12
08,10,11,13,33+03,12
08,10,11,13,35+04,12
08,10,11,15,21+02,05
08,10,11,15,23+03,05
08,10,11,15,26+04,05
08,10,11,15,27+02,06
08,10,11,15,28+03,06
08,10,11,15,31+04,06
08,10,11,15,32+05,06
08,10,11,15,33+02,07
08,10,11,15,35+03,07
08,10,11,17,21+04,07
08,10,11,17,23+05,07
08,10,11,17,26+05,12
08,10,11,17,27+02,12
08,10,11,17,28+03,12
08,10,11,17,31+04,12
08,10,11,17,32+02,05
08,10,11,17,33+03,05
08,10,11,17,35+04,05
08,10,11,18,21+02,06
08,10,11,18,23+03,06
08,10,11,18,27+04,06
08,10,11,18,31+05,06
08,10,11,18,33+02,07
08,10,11,18,35+03,07
08,10,11,21,26+04,07
08,10,11,21,27+05,07
08,10,11,21,28+05,12
08,10,11,21,35+02,12
08,10,11,23,26+03,12
08,10,11,23,27+04,12
08,10,11,23,28+02,05
08,10,11,23,32+03,05
08,10,11,23,33+04,05
08,10,11,23,35+02,06
08,10,11,29,31+03,06
08,10,11,29,32+04,06
08,10,11,29,33+05,06
08,10,11,29,35+02,07
08,10,11,31,35+03,07
08,10,11,32,33+04,07
08,10,11,32,35+05,07
08,10,11,33,35+05,12
08,10,13,15,21+02,12
08,10,13,15,23+03,12
08,10,13,15,26+04,12
08,10,13,15,27+02,05
08,10,13,15,28+03,05
08,10,13,15,31+04,05
08,10,13,15,32+02,06
08,10,13,15,33+03,06
08,10,13,15,35+04,06
08,10,13,17,21+05,06
08,10,13,17,23+02,07
08,10,13,17,26+03,07
08,10,13,17,27+04,07
08,10,13,17,28+05,07
08,10,13,17,31+05,12
08,10,13,17,32+02,12
08,10,13,17,33+03,12
08,10,13,17,35+04,12
08,10,13,18,21+02,05
08,10,13,18,23+03,05
08,10,13,18,27+04,05
08,10,13,18,31+02,06
08,10,13,18,33+03,06
08,10,13,18,35+04,06
08,10,13,21,23+05,06
08,10,13,21,26+02,07
08,10,13,21,27+03,07
08,10,13,21,28+04,07
08,10,13,21,32+05,07
08,10,13,21,33+05,12
08,10,13,21,35+02,12
08,10,13,23,26+03,12
08,10,13,23,27+04,12
08,10,13,23,28+02,05
08,10,13,23,31+03,05
08,10,13,23,32+04,05
08,10,13,23,33+02,06
08,10,13,23,35+03,06
08,10,13,29,31+04,06
08,10,13,29,32+05,06
08,10,13,29,33+02,07
08,10,13,29,35+03,07
08,10,13,31,32+04,07
08,10,13,31,33+05,07
08,10,13,31,35+05,12
08,10,13,32,33+02,12
08,10,13,32,35+03,12
08,10,13,33,35+04,12
08,10,14,15,23+02,05
08,10,14,15,31+03,05
08,10,14,17,21+04,05
08,10,14,17,23+02,06
08,10,14,17,27+03,06
08,10,14,17,31+04,06
08,10,14,17,33+05,06
08,10,14,17,35+02,07
08,10,14,21,23+03,07
08,10,14,21,31+04,07
08,10,14,23,27+05,07
08,10,14,23,31+05,12
08,10,14,23,33+02,12
08,10,14,23,35+03,12
08,10,14,29,31+04,12
08,10,14,29,33+02,05
08,10,14,29,35+03,05
08,10,14,31,33+04,05
08,10,14,31,35+02,06
08,10,15,17,21+03,06
08,10,15,17,23+04,06
08,10,15,17,26+05,06
08,10,15,17,27+02,07
08,10,15,17,28+03,07
08,10,15,17,31+04,07
08,10,15,17,32+05,07
08,10,15,17,33+05,12
08,10,15,17,35+02,12
08,10,15,18,23+03,12
08,10,15,18,31+04,12
08,10,15,21,23+02,05
08,10,15,21,31+03,05
08,10,15,23,26+04,05
08,10,15,23,27+02,06
08,10,15,23,28+03,06
08,10,15,23,31+04,06
08,10,15,23,32+05,06
08,10,15,23,33+02,07
08,10,15,23,35+03,07
08,10,15,29,31+04,07
08,10,15,29,32+05,07
08,10,15,29,33+05,12
08,10,15,29,35+02,12
08,10,15,31,32+03,12
08,10,15,31,33+04,12
08,10,15,31,35+02,05
08,10,17,18,21+03,05
08,10,17,18,23+04,05
08,10,17,18,31+02,06
08,10,17,18,33+03,06
08,10,17,18,35+04,06
08,10,17,21,23+05,06
08,10,17,21,26+02,07
08,10,17,21,27+03,07
08,10,17,21,28+04,07
08,10,17,21,31+05,07
08,10,17,21,32+05,12
08,10,17,21,33+02,12
08,10,17,21,35+03,12
08,10,17,23,26+04,12
08,10,17,23,27+02,05
08,10,17,23,28+03,05
08,10,17,23,31+04,05
08,10,17,23,32+02,06
08,10,17,23,33+03,06
08,10,17,23,35+04,06
08,10,17,29,31+05,06
08,10,17,29,32+02,07
08,10,17,29,33+03,07
08,10,17,29,35+04,07
08,10,17,31,32+05,07
08,10,17,31,33+05,12
08,10,17,31,35+02,12
08,10,17,32,33+03,12
08,10,17,32,35+04,12
08,10,17,33,35+02,05
08,10,25,29,31+03,05
08,10,25,29,32+04,05
08,10,25,29,33+02,06
08,10,25,29,35+03,06
08,10,25,31,32+04,06
08,10,25,31,33+05,06
08,10,25,31,35+02,07
08,10,27,29,31+03,07
08,10,27,29,32+04,07
08,10,27,29,33+05,07
08,10,27,29,35+05,12
08,10,27,31,32+02,12
08,10,27,31,33+03,12
08,10,27,31,35+04,12
08,10,29,31,32+02,05
08,10,29,31,33+03,05
08,10,29,31,35+04,05
08,10,29,32,33+02,06
08,10,29,32,35+03,06
08,10,29,33,35+04,06
08,16,17,21,23+05,06
08,16,17,21,26+02,07
08,16,17,21,27+03,07
08,16,17,21,31+04,07
08,16,17,21,32+05,07
08,16,17,21,33+05,12
08,16,17,21,35+02,12
08,16,17,23,31+03,12
08,16,17,23,32+04,12
08,16,17,23,33+02,05
08,16,17,23,35+03,05
08,16,17,31,32+04,05
08,16,17,31,33+02,06
08,16,17,31,35+03,06
08,16,17,32,33+04,06
08,16,17,32,35+05,06
08,16,17,33,35+02,07
08,16,25,29,31+03,07
08,16,25,31,32+04,07
08,16,25,31,33+05,07
08,16,25,31,35+05,12
08,16,27,31,32+02,12
08,16,27,31,33+03,12
08,16,27,31,35+04,12
08,16,29,31,32+02,05
08,16,29,31,33+03,05
08,16,29,31,35+04,05
08,16,29,32,33+02,06
08,17,25,31,32+03,06
08,17,25,31,33+04,06
08,17,25,31,35+05,06
08,17,25,32,33+02,07
08,17,25,32,35+03,07
08,17,25,33,35+04,07
08,17,27,31,32+05,07
08,17,27,31,33+05,12
08,17,27,31,35+02,12
08,17,27,32,33+03,12
08,17,27,32,35+04,12
08,17,29,31,32+02,05
08,17,29,31,33+03,05
08,17,29,32,33+04,05
10,16,17,18,21+02,06
10,16,17,18,23+03,06
10,16,17,18,27+04,06
10,16,17,18,31+05,06
10,16,17,18,33+02,07
10,16,17,18,35+03,07
10,16,17,21,23+04,07
10,16,17,21,26+05,07
10,16,17,21,27+05,12
10,16,17,21,28+02,12
10,16,17,21,31+03,12
10,16,17,21,32+04,12
10,16,17,21,33+02,05
10,16,17,21,35+03,05
10,16,17,23,26+04,05
10,16,17,23,27+02,06
10,16,17,23,28+03,06
10,16,17,23,31+04,06
10,16,17,23,32+05,06
10,16,17,23,33+02,07
10,16,17,23,35+03,07
10,16,17,29,31+04,07
10,16,17,29,32+05,07
10,16,17,29,33+05,12
10,16,17,29,35+02,12
10,16,17,31,32+03,12
10,16,17,31,33+04,12
10,16,17,31,35+02,05
10,16,17,32,33+03,05
10,16,17,32,35+04,05
10,16,17,33,35+02,06
10,16,25,29,31+03,06
10,16,25,29,32+04,06
10,16,25,29,33+05,06
10,16,25,29,35+02,07
10,16,25,31,32+03,07
10,16,25,31,33+04,07
10,16,25,31,35+05,07
10,16,27,29,31+05,12
10,16,27,29,32+02,12
10,16,27,29,33+03,12
10,16,27,29,35+04,12
10,16,27,31,32+02,05
10,16,27,31,33+03,05
10,16,27,31,35+04,05
10,16,29,31,32+02,06
10,16,29,31,33+03,06
10,16,29,31,35+04,06
10,16,29,32,33+05,06
10,16,29,32,35+02,07
10,16,29,33,35+03,07
10,17,25,29,31+04,07
10,17,25,29,32+05,07
10,17,25,29,33+05,12
10,17,25,29,35+02,12
10,17,25,31,32+03,12
10,17,25,31,33+04,12
10,17,25,31,35+02,05
10,17,25,32,33+03,05
10,17,25,32,35+04,05
10,17,25,33,35+02,06
10,17,27,29,31+03,06
10,17,27,29,32+04,06
10,17,27,29,33+05,06
10,17,27,29,35+02,07
10,17,27,31,32+03,07
10,17,27,31,33+04,07
10,17,27,31,35+05,07
10,17,27,32,33+05,12
10,17,27,32,35+02,12
10,17,27,33,35+03,12
10,17,29,31,32+04,12
10,17,29,31,33+02,05
10,17,29,31,35+03,05
10,17,29,32,33+04,05
10,17,29,32,35+02,06
10,17,29,33,35+03,06
11,16,17,18,21+04,06
11,16,17,18,23+05,06
11,16,17,18,26+02,07
11,16,17,18,27+03,07
11,16,17,18,31+04,07
11,16,17,18,32+05,07
11,16,17,18,33+05,12
11,16,17,18,35+02,12
11,16,17,21,23+03,12
11,16,17,21,26+04,12
11,16,17,21,27+02,05
11,16,17,21,28+03,05
11,16,17,21,31+04,05
11,16,17,21,32+02,06
11,16,17,21,33+03,06
11,16,17,21,35+04,06
11,16,17,23,26+05,06
11,16,17,23,27+02,07
11,16,17,23,28+03,07
11,16,17,23,32+04,07
11,16,17,23,33+05,07
11,16,17,23,35+05,12
11,16,17,29,32+02,12
11,16,17,29,33+03,12
11,16,17,29,35+04,12
11,16,17,31,32+02,05
11,16,17,31,33+03,05
11,16,17,31,35+04,05
11,16,17,32,33+02,06
11,16,17,32,35+03,06
11,16,17,33,35+04,06
11,16,25,29,31+05,06
11,16,25,29,32+02,07
11,16,25,29,33+03,07
11,16,25,29,35+04,07
11,16,25,31,32+05,07
11,16,25,31,33+05,12
11,16,25,31,35+02,12
11,16,25,32,33+03,12
11,16,25,32,35+04,12
11,16,25,33,35+02,05
11,16,27,29,31+03,05
11,16,27,29,32+04,05
11,16,27,29,33+02,06
11,16,27,29,35+03,06
11,16,27,31,32+04,06
11,16,27,31,33+05,06
11,16,27,31,35+02,07
11,16,27,32,33+03,07
11,16,27,32,35+04,07
11,16,27,33,35+05,07
11,16,29,31,32+05,12
11,16,29,31,33+02,12
11,16,29,31,35+03,12
11,16,29,32,33+04,12
11,16,29,32,35+02,05
11,16,29,33,35+03,05
11,17,25,29,32+04,05
11,17,25,31,32+02,06
11,17,25,32,33+03,06
11,17,25,32,35+04,06
11,17,27,29,32+05,06
11,17,27,31,32+02,07
11,17,27,32,33+03,07
11,17,27,32,35+04,07
11,17,29,32,33+05,07
11,17,29,32,35+05,12
12,16,17,18,21+02,12
12,16,17,18,23+03,12
12,16,17,18,31+04,12
12,16,17,18,33+02,05
12,16,17,18,35+03,05
12,16,17,21,23+04,05
12,16,17,21,26+02,06
12,16,17,21,27+03,06
12,16,17,21,28+04,06
12,16,17,21,31+05,06
12,16,17,21,32+02,07
12,16,17,21,33+03,07
12,16,17,21,35+04,07
12,16,17,23,26+05,07
12,16,17,23,27+05,12
12,16,17,23,28+02,12
12,16,17,23,31+03,12
12,16,17,23,32+04,12
12,16,17,23,33+02,05
12,16,17,23,35+03,05
12,16,17,29,31+04,05
12,16,17,29,32+02,06
12,16,17,29,33+03,06
12,16,17,29,35+04,06
12,16,17,31,32+05,06
12,16,17,31,33+02,07
12,16,17,31,35+03,07
12,16,17,32,33+04,07
12,16,17,32,35+05,07
12,16,17,33,35+05,12
12,16,25,29,31+02,12
12,16,25,29,32+03,12
12,16,25,29,33+04,12
12,16,25,29,35+02,05
12,16,25,31,32+03,05
12,16,25,31,33+04,05
12,16,25,31,35+02,06
12,16,27,29,31+03,06
12,16,27,29,32+04,06
12,16,27,29,33+05,06
12,16,27,29,35+02,07
12,16,27,31,32+03,07
12,16,27,31,33+04,07
12,16,27,31,35+05,07
12,16,29,31,32+05,12
12,16,29,31,33+02,12
12,16,29,31,35+03,12
12,16,29,32,33+04,12
12,16,29,32,35+02,05
12,16,29,33,35+03,05
12,17,25,29,31+04,05
12,17,25,29,32+02,06
12,17,25,29,33+03,06
12,17,25,29,35+04,06
12,17,25,31,32+05,06
12,17,25,31,33+02,07
12,17,25,31,35+03,07
12,17,25,32,33+04,07
12,17,25,32,35+05,07
12,17,25,33,35+05,12
12,17,27,29,31+02,12
12,17,27,29,32+03,12
12,17,27,29,33+04,12
12,17,27,31,32+02,05
12,17,27,31,33+03,05
12,17,27,31,35+04,05
12,17,27,32,33+02,06
12,17,27,32,35+03,06
12,17,27,33,35+04,06
12,17,29,31,32+05,06
12,17,29,31,33+02,07
12,17,29,31,35+03,07
12,17,29,32,33+04,07
12,17,29,32,35+05,07
12,17,29,33,35+05,12
14,16,17,18,21+02,12
14,16,17,18,23+03,12
14,16,17,18,31+04,12
14,16,17,18,33+02,05
14,16,17,21,23+03,05
14,16,17,21,26+04,05
14,16,17,21,27+02,06
14,16,17,21,28+03,06
14,16,17,21,31+04,06
14,16,17,21,32+05,06
14,16,17,21,33+02,07
14,16,17,21,35+03,07
14,16,17,23,26+04,07
14,16,17,23,27+05,07
14,16,17,23,28+05,12
14,16,17,23,31+02,12
14,16,17,23,32+03,12
14,16,17,23,33+04,12
14,16,17,23,35+02,05
14,16,17,29,31+03,05
14,16,17,29,32+04,05
14,16,17,29,33+02,06
14,16,17,31,32+03,06
14,16,17,31,33+04,06
14,16,17,31,35+05,06
14,16,17,32,33+02,07
14,16,17,32,35+03,07
14,16,17,33,35+04,07
14,16,25,29,31+05,07
14,16,25,29,32+05,12
14,16,25,29,33+02,12
14,16,25,29,35+03,12
14,16,25,31,32+04,12
14,16,25,31,33+02,05
14,16,25,31,35+03,05
14,16,27,29,31+04,05
14,16,27,29,32+02,06
14,16,27,29,33+03,06
14,16,27,31,32+04,06
14,16,27,31,33+05,06
14,16,27,31,35+02,07
14,16,29,31,32+03,07
14,16,29,31,33+04,07
14,16,29,31,35+05,07
14,16,29,32,33+05,12
14,16,29,32,35+02,12
14,16,29,33,35+03,12
14,17,25,29,31+04,12
14,17,25,29,32+02,05
14,17,25,29,33+03,05
14,17,25,31,32+04,05
14,17,25,31,33+02,06
14,17,25,31,35+03,06
14,17,25,32,33+04,06
14,17,25,32,35+05,06
14,17,25,33,35+02,07
14,17,27,29,31+03,07
14,17,27,29,32+04,07
14,17,27,31,32+05,07
14,17,27,31,33+05,12
14,17,27,31,35+02,12
14,17,27,32,33+03,12
14,17,27,32,35+04,12
14,17,27,33,35+02,05
14,17,29,31,32+03,05
14,17,29,31,33+04,05
14,17,29,31,35+02,06
14,17,29,32,33+03,06
14,17,29,32,35+04,06
14,17,29,33,35+05,06
