06,07,11,18,29+02,04
06,07,11,18,30+02,04
06,07,11,18,34+02,04
06,07,11,21,29+02,04
06,07,11,21,30+02,04
06,07,11,21,34+02,04
06,07,11,25,29+02,04
06,07,11,25,30+02,04
06,07,11,25,34+02,04
06,07,11,30,34+02,04
06,07,15,18,29+02,04
06,07,15,18,30+02,04
06,07,15,18,34+02,04
06,07,15,21,29+02,04
06,07,15,21,30+02,04
06,07,15,21,34+02,04
06,07,15,25,29+02,04
06,07,15,25,30+02,04
06,07,15,25,34+02,04
06,07,15,30,34+02,04
06,07,17,18,29+02,04
06,07,17,18,30+02,04
06,07,17,18,34+02,04
06,07,17,21,29+02,04
06,07,17,21,30+02,04
06,07,17,21,34+02,04
06,07,17,25,29+02,04
06,07,17,25,30+02,04
06,07,17,25,34+02,04
06,07,17,30,34+02,04
06,07,21,25,29+02,04
06,07,21,25,30+02,04
06,07,21,25,34+02,04
06,07,21,30,34+02,04
06,10,11,18,29+02,04
06,10,11,18,30+02,04
06,10,11,18,34+02,04
06,10,11,21,29+02,04
06,10,11,21,30+02,04
06,10,11,21,34+02,04
06,10,11,25,29+02,04
06,10,11,25,30+02,04
06,10,11,25,34+02,04
06,10,11,30,34+02,04
06,10,15,18,29+02,04
06,10,15,18,30+02,04
06,10,15,18,34+02,04
06,10,15,21,29+02,04
06,10,15,21,30+02,04
06,10,15,21,34+02,04
06,10,15,25,29+02,04
06,10,15,25,30+02,04
06,10,15,25,34+02,04
06,10,15,30,34+02,04
06,10,17,18,29+02,04
06,10,17,18,30+02,04
06,10,17,18,34+02,04
06,10,17,21,29+02,04
06,10,17,21,30+02,04
06,10,17,21,34+02,04
06,10,17,25,29+02,04
06,10,17,25,30+02,04
06,10,17,25,34+02,04
06,10,17,30,34+02,04
06,10,21,25,29+02,04
06,10,21,25,30+02,04
06,10,21,25,34+02,04
06,10,21,30,34+02,04
06,15,17,18,29+02,04
06,15,17,18,30+02,04
06,15,17,18,34+02,04
06,15,17,21,29+02,04
06,15,17,21,30+02,04
06,15,17,21,34+02,04
06,15,17,25,29+02,04
06,15,17,25,30+02,04
06,15,17,25,34+02,04
06,15,17,30,34+02,04
06,15,21,25,29+02,04
06,15,21,25,30+02,04
06,15,21,25,34+02,04
06,15,21,30,34+02,04
06,16,17,18,29+02,04
06,16,17,18,30+02,04
06,16,17,18,34+02,04
06,16,17,21,29+02,04
06,16,17,21,30+02,04
06,16,17,21,34+02,04
06,16,17,25,29+02,04
06,16,17,25,30+02,04
06,16,17,25,34+02,04
06,16,17,30,34+02,04
06,16,21,25,29+02,04
06,16,21,25,30+02,04
06,16,21,25,34+02,04
06,16,21,30,34+02,04
09,10,11,18,29+02,04
09,10,11,18,30+02,04
09,10,11,18,34+02,04
09,10,11,21,29+02,04
09,10,11,21,30+02,04
09,10,11,21,34+02,04
09,10,11,25,29+02,04
09,10,11,25,30+02,04
09,10,11,25,34+02,04
09,10,11,30,34+02,04
09,10,15,18,29+02,04
09,10,15,18,30+02,04
09,10,15,18,34+02,04
09,10,15,21,29+02,04
09,10,15,21,30+02,04
09,10,15,21,34+02,04
09,10,15,25,29+02,04
09,10,15,25,30+02,04
09,10,15,25,34+02,04
09,10,15,30,34+02,04
09,10,17,18,29+02,04
09,10,17,18,30+02,04
09,10,17,18,34+02,04
09,10,17,21,29+02,04
09,10,17,21,30+02,04
09,10,17,21,34+02,04
09,10,17,25,29+02,04
09,10,17,25,30+02,04
09,10,17,25,34+02,04
09,10,17,30,34+02,04
09,10,21,25,29+02,04
09,10,21,25,30+02,04
09,10,21,25,34+02,04
09,10,21,30,34+02,04
09,15,17,18,29+02,04
09,15,17,18,30+02,04
09,15,17,18,34+02,04
09,15,17,21,29+02,04
09,15,17,21,30+02,04
09,15,17,21,34+02,04
09,15,17,25,29+02,04
09,15,17,25,30+02,04
09,15,17,25,34+02,04
09,15,17,30,34+02,04
09,15,21,25,29+02,04
09,15,21,25,30+02,04
09,15,21,25,34+02,04
09,15,21,30,34+02,04
09,16,17,18,29+02,04
09,16,17,18,30+02,04
09,16,17,18,34+02,04
09,16,17,21,29+02,04
09,16,17,21,30+02,04
09,16,17,21,34+02,04
09,16,17,25,29+02,04
09,16,17,25,30+02,04
09,16,17,25,34+02,04
09,16,17,30,34+02,04
09,16,21,25,29+02,04
09,16,21,25,30+02,04
09,16,21,25,34+02,04
09,16,21,30,34+02,04
11,15,17,18,29+02,04
11,15,17,18,30+02,04
11,15,17,18,34+02,04
11,15,17,21,29+02,04
11,15,17,21,30+02,04
11,15,17,21,34+02,04
11,15,17,25,29+02,04
11,15,17,25,30+02,04
11,15,17,25,34+02,04
11,15,17,30,34+02,04
11,15,21,25,29+02,04
11,15,21,25,30+02,04
11,15,21,25,34+02,04
11,15,21,30,34+02,04
11,16,17,18,29+02,04
11,16,17,18,30+02,04
11,16,17,18,34+02,04
11,16,17,21,29+02,04
11,16,17,21,30+02,04
11,16,17,21,34+02,04
11,16,17,25,29+02,04
11,16,17,25,30+02,04
11,16,17,25,34+02,04
11,16,17,30,34+02,04
11,16,21,25,29+02,04
11,16,21,25,30+02,04
11,16,21,25,34+02,04
11,16,21,30,34+02,04
