rb1| wuxing | earth | water |  wood |  fire | metal |
num|  count |   50  |   48  |   28  |   28  |   11  |
 3 |    2   |	    |	    | 0.196 |	    |	    |  5 |
 2 |    2   | 0.263 |	    |	    |	    |	    |  1 |
 8 |    2   | 0.263 |	    |	    |	    |	    |  2 |
13 |    1   |	    | 0.201 |	    |	    |	    |  3 |
 6 |    1   |	    |	    |	    | 0.140 |	    |  6 |
 1 |    1   |	    | 0.201 |	    |	    |	    |  4 |
rb2| wuxing | earth |  fire |  wood | metal | water |
num|  count |   28  |   10  |    9  |    8  |    5  |
 5 |    6   | 0.330 |	    |	    |	    |	    |  1 |
 7 |    3   |	    | 0.132 |	    |	    |	    |  7 |
 3 |    3   |	    |	    | 0.123 |	    |	    |  8 |
 9 |    3   |	    |	    |	    | 0.115 |	    |  9 |
 8 |    3   | 0.282 |	    |	    |	    |	    |  2 |
12 |    2   |	    |	    |	    |	    | 0.074 | 14 |
10 |    2   |	    |	    |	    | 0.099 |	    | 12 |
14 |    2   | 0.266 |	    |	    |	    |	    |  3 |
16 |    2   |	    |	    | 0.107 |	    |	    | 10 |
 6 |    1   |	    | 0.099 |	    |	    |	    | 11 |
15 |    1   |	    |	    | 0.091 |	    |	    | 13 |
17 |    1   | 0.249 |	    |	    |	    |	    |  4 |
 2 |    1   | 0.249 |	    |	    |	    |	    |  5 |
11 |    1   | 0.249 |	    |	    |	    |	    |  6 |
rb3| wuxing | earth | metal | water |  fire |  wood |
num|  count |   28  |   17  |   15  |   12  |    7  |
10 |    5   |	    | 0.191 |	    |	    |	    |  5 |
18 |    4   |	    |	    |	    | 0.143 |	    |  6 |
11 |    3   | 0.227 |	    |	    |	    |	    |  1 |
17 |    2   | 0.211 |	    |	    |	    |	    |  2 |
13 |    2   |	    |	    | 0.128 |	    |	    |  8 |
21 |    2   |	    | 0.141 |	    |	    |	    |  7 |
12 |    1   |	    |	    | 0.112 |	    |	    | 12 |
 9 |    1   |	    | 0.124 |	    |	    |	    | 10 |
 4 |    1   |	    |	    |	    |	    | 0.061 | 17 |
24 |    1   |	    |	    | 0.112 |	    |	    | 11 |
 7 |    1   |	    |	    |	    | 0.093 |	    | 14 |
19 |    1   |	    |	    |	    | 0.093 |	    | 13 |
28 |    1   |	    |	    |	    |	    | 0.061 | 16 |
14 |    1   | 0.194 |	    |	    |	    |	    |  4 |
 6 |    1   |	    |	    |	    | 0.093 |	    | 15 |
20 |    1   | 0.194 |	    |	    |	    |	    |  3 |
22 |    1   |	    | 0.124 |	    |	    |	    |  9 |
15 |    1   |	    |	    |	    |	    | 0.061 | 18 |
rb4| wuxing | earth | water | metal |  fire |  wood |
num|  count |   30  |   16  |   13  |    9  |    7  |
17 |    5   | 0.289 |	    |	    |	    |	    |  1 |
22 |    4   |	    |	    | 0.158 |	    |	    |  6 |
25 |    2   |	    | 0.142 |	    |	    |	    |  7 |
13 |    2   |	    | 0.142 |	    |	    |	    |  8 |
26 |    2   | 0.236 |	    |	    |	    |	    |  2 |
19 |    2   |	    |	    |	    | 0.096 |	    | 11 |
11 |    2   | 0.236 |	    |	    |	    |	    |  3 |
 8 |    1   | 0.218 |	    |	    |	    |	    |  4 |
23 |    1   | 0.218 |	    |	    |	    |	    |  5 |
27 |    1   |	    |	    |	    |	    | 0.065 | 14 |
12 |    1   |	    | 0.125 |	    |	    |	    |  9 |
16 |    1   |	    |	    |	    |	    | 0.065 | 15 |
18 |    1   |	    |	    |	    | 0.078 |	    | 12 |
31 |    1   |	    |	    |	    | 0.078 |	    | 13 |
28 |    1   |	    |	    |	    |	    | 0.065 | 16 |
24 |    1   |	    | 0.125 |	    |	    |	    | 10 |
rb5| wuxing | earth |  wood |  fire | water | metal |
num|  count |   55  |   37  |   26  |   26  |   20  |
26 |    5   | 0.239 |	    |	    |	    |	    |  1 |
27 |    4   |	    | 0.170 |	    |	    |	    |  7 |
25 |    3   |	    |	    |	    | 0.122 |	    |  9 |
22 |    3   |	    |	    |	    |	    | 0.104 | 13 |
29 |    3   | 0.211 |	    |	    |	    |	    |  2 |
14 |    2   | 0.196 |	    |	    |	    |	    |  3 |
13 |    2   |	    |	    |	    | 0.108 |	    | 12 |
18 |    2   |	    |	    | 0.108 |	    |	    | 11 |
24 |    2   |	    |	    |	    | 0.108 |	    | 10 |
23 |    2   | 0.196 |	    |	    |	    |	    |  4 |
32 |    1   | 0.182 |	    |	    |	    |	    |  6 |
31 |    1   |	    |	    | 0.094 |	    |	    | 14 |
17 |    1   | 0.182 |	    |	    |	    |	    |  5 |
21 |    1   |	    |	    |	    |	    | 0.075 | 17 |
28 |    1   |	    | 0.127 |	    |	    |	    |  8 |
19 |    1   |	    |	    | 0.094 |	    |	    | 15 |
30 |    1   |	    |	    | 0.094 |	    |	    | 16 |
rb6| wuxing | earth |  fire | metal |  wood | water |
num|  count |   17  |   11  |    6  |    6  |    1  |
32 |    6   | 0.338 |	    |	    |	    |	    |  1 |
31 |    3   |	    | 0.199 |	    |	    |	    |  6 |
33 |    2   |	    |	    | 0.117 |	    |	    |  8 |
29 |    2   | 0.251 |	    |	    |	    |	    |  2 |
27 |    2   |	    |	    |	    | 0.117 |	    |  9 |
30 |    2   |	    | 0.178 |	    |	    |	    |  7 |
25 |    1   |	    |	    |	    |	    | 0.034 | 12 |
23 |    1   | 0.229 |	    |	    |	    |	    |  3 |
28 |    1   |	    |	    |	    | 0.095 |	    | 10 |
22 |    1   |	    |	    | 0.095 |	    |	    | 11 |
20 |    1   | 0.229 |	    |	    |	    |	    |  4 |
26 |    1   | 0.229 |	    |	    |	    |	    |  5 |
bb | wuxing | earth |  wood | water |  fire | metal |
num|  count |   33  |   26  |   22  |   12  |   11  |
 6 |    4   |	    |	    |	    | 0.110 |	    | 11 |
14 |    4   | 0.211 |	    |	    |	    |	    |  1 |
16 |    4   |	    | 0.178 |	    |	    |	    |  5 |
 1 |    4   |	    |	    | 0.158 |	    |	    |  8 |
 3 |    4   |	    | 0.178 |	    |	    |	    |  6 |
11 |    3   | 0.198 |	    |	    |	    |	    |  2 |
15 |    3   |	    | 0.164 |	    |	    |	    |  7 |
 8 |    2   | 0.185 |	    |	    |	    |	    |  3 |
 9 |    2   |	    |	    |	    |	    | 0.079 | 13 |
13 |    2   |	    |	    | 0.132 |	    |	    |  9 |
 7 |    2   |	    |	    |	    | 0.084 |	    | 12 |
 2 |    2   | 0.185 |	    |	    |	    |	    |  4 |
10 |    1   |	    |	    |	    |	    | 0.066 | 14 |
12 |    1   |	    |	    | 0.119 |	    |	    | 10 |

PredictResult[ 1]  2  5 11 17 26 32 + 14  probability = 1.897
PredictResult[ 2]  2  5 11 17 26 32 + 11  probability = 1.884
PredictResult[ 3]  2  5 11 17 26 32 +  8  probability = 1.871
PredictResult[ 4]  2  5 11 17 26 32 +  2  probability = 1.871
PredictResult[ 5]  2  5 11 17 29 32 + 14  probability = 1.869

Actual Result: 2017090 2017-08-03     1     7    10    16    22    33 +     9
Actual Result: 2017090 2017-08-03 water  fire metal  wood metal metal + metal

